Running experiment 1...
Experiment 1 completed.
223
280
217
230
210
226
233
229
211
294
254
228
221
254
261
251
Running experiment 2...
Experiment 2 completed.
222
225
251
246
252
256
231
198
241
238
226
257
244
221
230
212
Running experiment 3...
Experiment 3 completed.
227
236
209
274
228
252
253
218
261
298
252
282
287
218
274
212
Running experiment 4...
Experiment 4 completed.
249
234
227
239
245
236
270
279
220
286
250
239
252
260
248
222
Running experiment 5...
Experiment 5 completed.
270
220
251
233
245
220
239
221
242
224
222
234
240
207
250
274
Running experiment 6...
Experiment 6 completed.
272
247
227
225
251
229
233
213
236
228
227
230
217
252
291
269
Running experiment 7...
Experiment 7 completed.
256
239
281
228
235
226
243
240
236
269
278
215
238
247
226
249
Running experiment 8...
Experiment 8 completed.
256
232
246
233
231
239
221
254
212
258
271
205
229
209
244
224
Running experiment 9...
Experiment 9 completed.
252
177
236
209
225
266
228
244
226
237
276
261
238
266
257
225
Running experiment 10...
Experiment 10 completed.
277
247
264
201
216
259
273
222
200
234
223
267
273
228
224
238
Running experiment 11...
Experiment 11 completed.
269
295
285
260
247
250
233
310
288
260
314
294
256
238
266
278
Running experiment 12...
Experiment 12 completed.
249
248
290
316
284
303
256
245
297
265
257
263
269
270
263
281
Running experiment 13...
Experiment 13 completed.
222
227
209
239
251
257
229
250
292
242
204
282
259
220
247
254
Running experiment 14...
Experiment 14 completed.
244
260
301
265
255
278
269
279
299
251
259
256
236
302
270
289
Running experiment 15...
Experiment 15 completed.
238
246
279
238
278
230
273
256
243
295
273
252
244
279
266
297
Running experiment 16...
Experiment 16 completed.
259
321
299
277
323
271
304
266
269
326
272
257
276
296
264
294
Running experiment 17...
Experiment 17 completed.
267
269
284
297
289
299
283
270
297
259
296
296
277
267
291
310
Running experiment 18...
Experiment 18 completed.
274
281
269
288
304
286
294
232
301
364
282
327
268
310
276
249
Running experiment 19...
Experiment 19 completed.
320
276
274
251
268
314
277
274
264
325
299
288
257
286
293
249
Running experiment 20...
Experiment 20 completed.
300
287
246
285
269
294
268
282
302
331
292
277
307
266
271
274
Average:     CPU    %usr   %nice    %sys %iowait    %irq   %soft  %steal  %guest  %gnice   %idle
Average:     all    3.36    0.00   13.54    0.06    0.00   27.68    0.06    0.00    0.00   55.30
Average:       0    3.54    0.00   12.78    0.11    0.00   10.79    0.06    0.00    0.00   72.73
Average:       1    4.33    0.00   12.43    0.11    0.00    9.21    0.06    0.00    0.00   73.86
Average:       2    4.20    0.00   20.14    0.00    0.00   16.68    0.06    0.00    0.00   58.93
Average:       3    1.13    0.00    8.37    0.00    0.00   80.05    0.06    0.00    0.00   10.38

Average:     CPU    %usr   %nice    %sys %iowait    %irq   %soft  %steal  %guest  %gnice   %idle
Average:     all    3.54    0.00   14.94    0.03    0.00   29.63    0.04    0.00    0.00   51.82
Average:       0    4.65    0.00   15.87    0.06    0.00   10.73    0.06    0.00    0.00   68.64
Average:       1    4.80    0.00   15.35    0.06    0.00    9.60    0.06    0.00    0.00   70.13
Average:       2    3.68    0.00   21.32    0.00    0.00   18.03    0.00    0.00    0.00   56.97
Average:       3    0.79    0.00    6.67    0.00    0.00   84.48    0.06    0.00    0.00    8.00

Average:     CPU    %usr   %nice    %sys %iowait    %irq   %soft  %steal  %guest  %gnice   %idle
Average:     all    5.96    0.00   15.84    0.06    0.00   31.74    0.01    0.00    0.00   46.39
Average:       0    8.13    0.00   17.21    0.11    0.00   12.20    0.00    0.00    0.00   62.34
Average:       1    9.05    0.00   17.26    0.11    0.00   11.38    0.06    0.00    0.00   62.15
Average:       2    5.37    0.00   23.59    0.00    0.00   19.46    0.00    0.00    0.00   51.58
Average:       3    0.90    0.00    4.62    0.00    0.00   87.82    0.00    0.00    0.00    6.66

Average:     CPU    %usr   %nice    %sys %iowait    %irq   %soft  %steal  %guest  %gnice   %idle
Average:     all    8.22    0.00   16.66    0.17    0.00   29.82    0.06    0.00    0.00   45.07
Average:       0   13.44    0.00   18.52    0.22    0.00   10.05    0.05    0.00    0.00   57.70
Average:       1   11.92    0.00   17.68    0.39    0.00    9.87    0.06    0.00    0.00   60.09
Average:       2    5.86    0.00   23.62    0.06    0.00   18.55    0.06    0.00    0.00   51.86
Average:       3    1.02    0.00    6.12    0.00    0.00   85.07    0.06    0.00    0.00    7.73

Average:     CPU    %usr   %nice    %sys %iowait    %irq   %soft  %steal  %guest  %gnice   %idle
Average:     all    6.47    0.00   15.85    0.18    0.00   30.69    0.04    0.00    0.00   46.76
Average:       0    9.67    0.00   17.20    0.27    0.00   10.88    0.05    0.00    0.00   61.92
Average:       1    9.76    0.00   16.05    0.39    0.00   10.15    0.06    0.00    0.00   63.60
Average:       2    5.42    0.00   23.87    0.06    0.00   17.55    0.00    0.00    0.00   53.10
Average:       3    0.70    0.00    5.94    0.00    0.00   86.90    0.06    0.00    0.00    6.40

Average:     CPU    %usr   %nice    %sys %iowait    %irq   %soft  %steal  %guest  %gnice   %idle
Average:     all    4.09    0.00   13.68    0.04    0.00   30.13    0.06    0.00    0.00   52.00
Average:       0    4.64    0.00   14.76    0.06    0.00   10.67    0.11    0.00    0.00   69.76
Average:       1    7.09    0.00   12.85    0.11    0.00   10.19    0.06    0.00    0.00   69.71
Average:       2    3.55    0.00   20.37    0.00    0.00   18.08    0.00    0.00    0.00   58.01
Average:       3    0.84    0.00    6.41    0.00    0.00   85.39    0.06    0.00    0.00    7.31

Average:     CPU    %usr   %nice    %sys %iowait    %irq   %soft  %steal  %guest  %gnice   %idle
Average:     all    3.39    0.00   13.43    0.10    0.00   30.94    0.00    0.00    0.00   52.14
Average:       0    4.52    0.00   13.55    0.23    0.00   10.45    0.00    0.00    0.00   71.26
Average:       1    4.65    0.00   13.00    0.17    0.00   10.76    0.00    0.00    0.00   71.43
Average:       2    3.68    0.00   20.42    0.00    0.00   18.89    0.00    0.00    0.00   57.01
Average:       3    0.59    0.00    6.45    0.00    0.00   86.33    0.00    0.00    0.00    6.63

Average:     CPU    %usr   %nice    %sys %iowait    %irq   %soft  %steal  %guest  %gnice   %idle
Average:     all    3.54    0.00   14.08    0.01    0.00   28.45    0.04    0.00    0.00   53.87
Average:       0    3.89    0.00   13.66    0.06    0.00   10.05    0.06    0.00    0.00   72.29
Average:       1    5.18    0.00   13.23    0.00    0.00    9.37    0.11    0.00    0.00   72.11
Average:       2    3.77    0.00   20.98    0.00    0.00   17.10    0.00    0.00    0.00   58.16
Average:       3    1.10    0.00    7.99    0.00    0.00   82.07    0.00    0.00    0.00    8.84

Average:     CPU    %usr   %nice    %sys %iowait    %irq   %soft  %steal  %guest  %gnice   %idle
Average:     all    3.57    0.00   13.84    0.07    0.00   29.58    0.06    0.00    0.00   52.88
Average:       0    4.22    0.00   13.05    0.06    0.00   10.80    0.06    0.00    0.00   71.82
Average:       1    5.25    0.00   13.68    0.11    0.00    8.82    0.06    0.00    0.00   72.08
Average:       2    3.74    0.00   20.70    0.11    0.00   17.53    0.06    0.00    0.00   57.86
Average:       3    0.90    0.00    7.64    0.00    0.00   84.42    0.06    0.00    0.00    6.99

Average:     CPU    %usr   %nice    %sys %iowait    %irq   %soft  %steal  %guest  %gnice   %idle
Average:     all    4.39    0.00   14.11    0.06    0.00   28.03    0.04    0.00    0.00   53.36
Average:       0    6.19    0.00   12.89    0.11    0.00    8.57    0.06    0.00    0.00   72.17
Average:       1    6.39    0.00   13.55    0.11    0.00    9.44    0.06    0.00    0.00   70.46
Average:       2    3.84    0.00   22.52    0.00    0.00   15.87    0.06    0.00    0.00   57.71
Average:       3    0.85    0.00    7.08    0.00    0.00   82.36    0.00    0.00    0.00    9.71

Average:     CPU    %usr   %nice    %sys %iowait    %irq   %soft  %steal  %guest  %gnice   %idle
Average:     all    7.96    0.00   16.95    0.18    0.00   34.11    0.07    0.00    0.00   40.73
Average:       0   12.39    0.00   19.31    0.28    0.00   11.27    0.11    0.00    0.00   56.64
Average:       1   13.16    0.00   19.41    0.39    0.00   12.00    0.06    0.00    0.00   54.98
Average:       2    5.62    0.00   24.83    0.06    0.00   20.57    0.06    0.00    0.00   48.86
Average:       3    0.66    0.00    4.48    0.00    0.00   91.99    0.06    0.00    0.00    2.82

Average:     CPU    %usr   %nice    %sys %iowait    %irq   %soft  %steal  %guest  %gnice   %idle
Average:     all    7.74    0.00   16.64    0.27    0.00   32.08    0.03    0.00    0.00   43.25
Average:       0   12.51    0.00   18.28    0.45    0.00    9.98    0.00    0.00    0.00   58.78
Average:       1   12.44    0.00   18.63    0.44    0.00   10.01    0.06    0.00    0.00   58.43
Average:       2    4.84    0.00   23.49    0.17    0.00   19.29    0.06    0.00    0.00   52.16
Average:       3    1.01    0.00    6.30    0.00    0.00   89.15    0.00    0.00    0.00    3.54

Average:     CPU    %usr   %nice    %sys %iowait    %irq   %soft  %steal  %guest  %gnice   %idle
Average:     all    3.33    0.00   12.92    0.07    0.00   26.42    0.04    0.00    0.00   57.22
Average:       0    3.80    0.00   11.72    0.11    0.00    9.74    0.06    0.00    0.00   74.57
Average:       1    3.77    0.00   12.14    0.17    0.00    8.81    0.06    0.00    0.00   75.06
Average:       2    4.10    0.00   18.64    0.00    0.00   15.89    0.00    0.00    0.00   61.37
Average:       3    1.43    0.00    8.80    0.00    0.00   76.86    0.06    0.00    0.00   12.85

Average:     CPU    %usr   %nice    %sys %iowait    %irq   %soft  %steal  %guest  %gnice   %idle
Average:     all    3.97    0.00   15.70    0.14    0.00   33.98    0.06    0.00    0.00   46.16
Average:       0    5.47    0.00   16.02    0.11    0.00   13.28    0.06    0.00    0.00   65.07
Average:       1    5.33    0.00   17.25    0.33    0.00   12.09    0.05    0.00    0.00   64.95
Average:       2    4.36    0.00   24.25    0.11    0.00   19.66    0.06    0.00    0.00   51.56
Average:       3    0.72    0.00    5.37    0.00    0.00   90.71    0.06    0.00    0.00    3.15

Average:     CPU    %usr   %nice    %sys %iowait    %irq   %soft  %steal  %guest  %gnice   %idle
Average:     all    3.36    0.00   14.54    0.10    0.00   31.35    0.06    0.00    0.00   50.59
Average:       0    3.95    0.00   14.34    0.06    0.00   11.51    0.06    0.00    0.00   70.09
Average:       1    4.70    0.00   13.88    0.06    0.00   10.83    0.11    0.00    0.00   70.43
Average:       2    3.87    0.00   23.12    0.28    0.00   18.13    0.06    0.00    0.00   54.55
Average:       3    0.86    0.00    6.69    0.00    0.00   86.50    0.00    0.00    0.00    5.95

Average:     CPU    %usr   %nice    %sys %iowait    %irq   %soft  %steal  %guest  %gnice   %idle
Average:     all    3.59    0.00   14.40    0.04    0.00   34.09    0.06    0.00    0.00   47.82
Average:       0    4.64    0.00   16.42    0.06    0.00   11.45    0.06    0.00    0.00   67.37
Average:       1    4.96    0.00   14.50    0.11    0.00   11.88    0.06    0.00    0.00   68.49
Average:       2    3.95    0.00   22.66    0.00    0.00   21.20    0.06    0.00    0.00   52.14
Average:       3    0.83    0.00    4.16    0.00    0.00   91.35    0.06    0.00    0.00    3.61

Average:     CPU    %usr   %nice    %sys %iowait    %irq   %soft  %steal  %guest  %gnice   %idle
Average:     all    3.25    0.00   14.77    0.01    0.00   34.64    0.06    0.00    0.00   47.27
Average:       0    4.24    0.00   15.28    0.00    0.00   12.49    0.06    0.00    0.00   67.93
Average:       1    4.63    0.00   15.47    0.06    0.00   11.33    0.06    0.00    0.00   68.45
Average:       2    3.79    0.00   24.93    0.00    0.00   20.80    0.06    0.00    0.00   50.42
Average:       3    0.39    0.00    3.69    0.00    0.00   92.96    0.06    0.00    0.00    2.92

Average:     CPU    %usr   %nice    %sys %iowait    %irq   %soft  %steal  %guest  %gnice   %idle
Average:     all    5.47    0.00   16.41    0.11    0.00   35.02    0.07    0.00    0.00   42.93
Average:       0    7.26    0.00   18.29    0.22    0.00   12.83    0.11    0.00    0.00   61.30
Average:       1    8.95    0.00   17.90    0.22    0.00   11.44    0.11    0.00    0.00   61.39
Average:       2    5.21    0.00   26.22    0.00    0.00   21.40    0.00    0.00    0.00   47.17
Average:       3    0.44    0.00    3.49    0.00    0.00   94.11    0.05    0.00    0.00    1.91

Average:     CPU    %usr   %nice    %sys %iowait    %irq   %soft  %steal  %guest  %gnice   %idle
Average:     all    8.59    0.00   15.88    0.14    0.00   33.88    0.06    0.00    0.00   41.45
Average:       0   10.45    0.00   17.83    0.28    0.00   12.69    0.11    0.00    0.00   58.64
Average:       1   14.96    0.00   17.02    0.17    0.00   10.07    0.06    0.00    0.00   57.73
Average:       2    8.07    0.00   24.33    0.11    0.00   19.98    0.00    0.00    0.00   47.51
Average:       3    0.99    0.00    4.77    0.00    0.00   91.45    0.05    0.00    0.00    2.74

Average:     CPU    %usr   %nice    %sys %iowait    %irq   %soft  %steal  %guest  %gnice   %idle
Average:     all    7.93    0.00   16.63    0.11    0.00   33.82    0.06    0.00    0.00   41.45
Average:       0   13.07    0.00   18.12    0.22    0.00   11.22    0.06    0.00    0.00   57.32
Average:       1   12.03    0.00   18.57    0.17    0.00   10.03    0.06    0.00    0.00   59.15
Average:       2    6.13    0.00   25.49    0.06    0.00   20.32    0.06    0.00    0.00   47.95
Average:       3    0.65    0.00    4.69    0.00    0.00   92.26    0.05    0.00    0.00    2.34



Numbers grid:
223 280 217 230 210 226 233 229 211 294 254 228 221 254 261 251 222 225 251 246
252 256 231 198 241 238 226 257 244 221 230 212 227 236 209 274 228 252 253 218
261 298 252 282 287 218 274 212 249 234 227 239 245 236 270 279 220 286 250 239
252 260 248 222 270 220 251 233 245 220 239 221 242 224 222 234 240 207 250 274
272 247 227 225 251 229 233 213 236 228 227 230 217 252 291 269 256 239 281 228
235 226 243 240 236 269 278 215 238 247 226 249 256 232 246 233 231 239 221 254
212 258 271 205 229 209 244 224 252 177 236 209 225 266 228 244 226 237 276 261
238 266 257 225 277 247 264 201 216 259 273 222 200 234 223 267 273 228 224 238
269 295 285 260 247 250 233 310 288 260 314 294 256 238 266 278 249 248 290 316
284 303 256 245 297 265 257 263 269 270 263 281 222 227 209 239 251 257 229 250
292 242 204 282 259 220 247 254 244 260 301 265 255 278 269 279 299 251 259 256
236 302 270 289 238 246 279 238 278 230 273 256 243 295 273 252 244 279 266 297
259 321 299 277 323 271 304 266 269 326 272 257 276 296 264 294 267 269 284 297
289 299 283 270 297 259 296 296 277 267 291 310 274 281 269 288 304 286 294 232
301 364 282 327 268 310 276 249 320 276 274 251 268 314 277 274 264 325 299 288
257 286 293 249 300 287 246 285 269 294 268 282 302 331 292 277 307 266 271 274
Core 0 idle: 
72.73
68.64
62.34
57.70
61.92
69.76
71.26
72.29
71.82
72.17
56.64
58.78
74.57
65.07
70.09
67.37
67.93
61.30
58.64
57.32
Core 0 soft: 
10.79
10.73
12.20
10.05
10.88
10.67
10.45
10.05
10.80
8.57
11.27
9.98
9.74
13.28
11.51
11.45
12.49
12.83
12.69
11.22
Core 0 sys: 
12.78
15.87
17.21
18.52
17.20
14.76
13.55
13.66
13.05
12.89
19.31
18.28
11.72
16.02
14.34
16.42
15.28
18.29
17.83
18.12
Core 0 usr: 
3.54
4.65
8.13
13.44
9.67
4.64
4.52
3.89
4.22
6.19
12.39
12.51
3.80
5.47
3.95
4.64
4.24
7.26
10.45
13.07
Core 1 idle: 
73.86
70.13
62.15
60.09
63.60
69.71
71.43
72.11
72.08
70.46
54.98
58.43
75.06
64.95
70.43
68.49
68.45
61.39
57.73
59.15
Core 1 soft: 
9.21
9.60
11.38
9.87
10.15
10.19
10.76
9.37
8.82
9.44
12.00
10.01
8.81
12.09
10.83
11.88
11.33
11.44
10.07
10.03
Core 1 sys: 
12.43
15.35
17.26
17.68
16.05
12.85
13.00
13.23
13.68
13.55
19.41
18.63
12.14
17.25
13.88
14.50
15.47
17.90
17.02
18.57
Core 1 usr: 
4.33
4.80
9.05
11.92
9.76
7.09
4.65
5.18
5.25
6.39
13.16
12.44
3.77
5.33
4.70
4.96
4.63
8.95
14.96
12.03
Core 2 idle: 
58.93
56.97
51.58
51.86
53.10
58.01
57.01
58.16
57.86
57.71
48.86
52.16
61.37
51.56
54.55
52.14
50.42
47.17
47.51
47.95
Core 2 soft: 
16.68
18.03
19.46
18.55
17.55
18.08
18.89
17.10
17.53
15.87
20.57
19.29
15.89
19.66
18.13
21.20
20.80
21.40
19.98
20.32
Core 2 sys: 
20.14
21.32
23.59
23.62
23.87
20.37
20.42
20.98
20.70
22.52
24.83
23.49
18.64
24.25
23.12
22.66
24.93
26.22
24.33
25.49
Core 2 usr: 
4.20
3.68
5.37
5.86
5.42
3.55
3.68
3.77
3.74
3.84
5.62
4.84
4.10
4.36
3.87
3.95
3.79
5.21
8.07
6.13
Core 3 idle: 
10.38
8.00
6.66
7.73
6.40
7.31
6.63
8.84
6.99
9.71
2.82
3.54
12.85
3.15
5.95
3.61
2.92
1.91
2.74
2.34
Core 3 soft: 
80.05
84.48
87.82
85.07
86.90
85.39
86.33
82.07
84.42
82.36
91.99
89.15
76.86
90.71
86.50
91.35
92.96
94.11
91.45
92.26
Core 3 sys: 
8.37
6.67
4.62
6.12
5.94
6.41
6.45
7.99
7.64
7.08
4.48
6.30
8.80
5.37
6.69
4.16
3.69
3.49
4.77
4.69
Core 3 usr: 
1.13
0.79
0.90
1.02
0.70
0.84
0.59
1.10
0.90
0.85
0.66
1.01
1.43
0.72
0.86
0.83
0.39
0.44
0.99
0.65
