Running experiment 1...
Experiment 1 completed.
554
528
597
518
524
512
512
558
Running experiment 2...
Experiment 2 completed.
519
577
550
540
515
553
528
552
Running experiment 3...
Experiment 3 completed.
525
579
571
558
497
530
532
565
Running experiment 4...
Experiment 4 completed.
591
542
563
560
574
567
537
554
Running experiment 5...
Experiment 5 completed.
524
394
612
566
592
565
545
585
Running experiment 6...
Experiment 6 completed.
523
583
539
493
585
561
481
565
Running experiment 7...
Experiment 7 completed.
515
602
575
535
548
543
507
580
Running experiment 8...
Experiment 8 completed.
574
489
503
586
549
561
587
497
Running experiment 9...
Experiment 9 completed.
523
498
487
570
527
522
518
586
Running experiment 10...
Experiment 10 completed.
527
533
551
551
495
528
518
608
Running experiment 11...
Experiment 11 completed.
605
636
592
464
475
536
563
585
Running experiment 12...
Experiment 12 completed.
541
567
495
590
517
560
545
553
Running experiment 13...
Experiment 13 completed.
544
572
480
480
546
558
558
635
Running experiment 14...
Experiment 14 completed.
486
538
594
551
553
544
526
563
Running experiment 15...
Experiment 15 completed.
554
519
562
560
534
539
550
546
Running experiment 16...
Experiment 16 completed.
597
502
531
516
541
493
500
537
Running experiment 17...
Experiment 17 completed.
541
550
651
562
584
542
521
548
Running experiment 18...
Experiment 18 completed.
592
559
568
527
581
557
608
556
Running experiment 19...
Experiment 19 completed.
574
533
554
560
598
526
619
535
Running experiment 20...
Experiment 20 completed.
551
520
586
598
543
515
572
527
Average:     CPU    %usr   %nice    %sys %iowait    %irq   %soft  %steal  %guest  %gnice   %idle
Average:     all    3.44    0.00   12.44    0.06    0.00   24.86    0.07    0.00    0.00   59.14
Average:       0    4.50    0.00   10.49    0.16    0.00    6.70    0.11    0.00    0.00   78.03
Average:       1    4.19    0.00   11.26    0.05    0.00    6.14    0.11    0.00    0.00   78.25
Average:       2    3.81    0.00   19.44    0.00    0.00   13.76    0.00    0.00    0.00   62.99
Average:       3    0.90    0.00    8.18    0.00    0.00   80.88    0.06    0.00    0.00    9.98

Average:     CPU    %usr   %nice    %sys %iowait    %irq   %soft  %steal  %guest  %gnice   %idle
Average:     all    2.71    0.00   12.12    0.09    0.00   24.89    0.04    0.00    0.00   60.15
Average:       0    3.41    0.00   10.62    0.22    0.00    6.44    0.06    0.00    0.00   79.25
Average:       1    3.28    0.00   10.51    0.11    0.00    5.97    0.05    0.00    0.00   80.08
Average:       2    2.61    0.00   18.46    0.00    0.00   13.23    0.00    0.00    0.00   65.70
Average:       3    1.33    0.00    8.62    0.00    0.00   81.10    0.06    0.00    0.00    8.88

Average:     CPU    %usr   %nice    %sys %iowait    %irq   %soft  %steal  %guest  %gnice   %idle
Average:     all    2.63    0.00   12.24    0.13    0.00   25.24    0.06    0.00    0.00   59.71
Average:       0    3.16    0.00   10.51    0.16    0.00    7.14    0.05    0.00    0.00   78.98
Average:       1    3.24    0.00    9.60    0.22    0.00    7.08    0.05    0.00    0.00   79.81
Average:       2    3.05    0.00   20.15    0.11    0.00   13.54    0.06    0.00    0.00   63.09
Average:       3    0.83    0.00    8.38    0.00    0.00   80.93    0.06    0.00    0.00    9.79

Average:     CPU    %usr   %nice    %sys %iowait    %irq   %soft  %steal  %guest  %gnice   %idle
Average:     all    4.37    0.00   12.88    0.11    0.00   23.67    0.11    0.00    0.00   58.84
Average:       0    6.08    0.00   10.57    0.27    0.00    6.35    0.05    0.00    0.00   76.67
Average:       1    6.62    0.00   10.62    0.16    0.00    4.87    0.16    0.00    0.00   77.56
Average:       2    2.98    0.00   19.75    0.00    0.00   13.28    0.11    0.00    0.00   63.87
Average:       3    1.34    0.00   10.42    0.00    0.00   77.64    0.13    0.00    0.00   10.48

Average:     CPU    %usr   %nice    %sys %iowait    %irq   %soft  %steal  %guest  %gnice   %idle
Average:     all    4.46    0.00   13.42    0.10    0.00   24.55    0.07    0.00    0.00   57.39
Average:       0    6.34    0.00   11.27    0.16    0.00    7.04    0.11    0.00    0.00   75.08
Average:       1    6.22    0.00   12.18    0.16    0.00    6.06    0.05    0.00    0.00   75.32
Average:       2    3.71    0.00   20.51    0.06    0.00   13.60    0.06    0.00    0.00   62.08
Average:       3    1.08    0.00    9.42    0.00    0.00   78.94    0.06    0.00    0.00   10.50

Average:     CPU    %usr   %nice    %sys %iowait    %irq   %soft  %steal  %guest  %gnice   %idle
Average:     all    2.94    0.00   12.21    0.07    0.00   23.30    0.04    0.00    0.00   61.45
Average:       0    3.16    0.00    9.48    0.11    0.00    6.43    0.05    0.00    0.00   80.76
Average:       1    4.76    0.00    9.36    0.11    0.00    5.31    0.05    0.00    0.00   80.39
Average:       2    2.53    0.00   19.30    0.06    0.00   12.66    0.06    0.00    0.00   65.39
Average:       3    0.97    0.00   10.64    0.00    0.00   76.91    0.00    0.00    0.00   11.48

Average:     CPU    %usr   %nice    %sys %iowait    %irq   %soft  %steal  %guest  %gnice   %idle
Average:     all    2.73    0.00   12.44    0.07    0.00   26.93    0.04    0.00    0.00   57.79
Average:       0    3.59    0.00   11.20    0.06    0.00    7.40    0.11    0.00    0.00   77.65
Average:       1    3.31    0.00   11.47    0.06    0.00    6.84    0.06    0.00    0.00   78.28
Average:       2    3.02    0.00   20.24    0.17    0.00   13.45    0.00    0.00    0.00   63.11
Average:       3    0.80    0.00    6.52    0.00    0.00   85.62    0.00    0.00    0.00    7.07

Average:     CPU    %usr   %nice    %sys %iowait    %irq   %soft  %steal  %guest  %gnice   %idle
Average:     all    3.46    0.00   12.19    0.09    0.00   25.70    0.07    0.00    0.00   58.49
Average:       0    5.00    0.00   11.21    0.22    0.00    6.76    0.11    0.00    0.00   76.70
Average:       1    4.41    0.00   10.63    0.06    0.00    6.33    0.06    0.00    0.00   78.52
Average:       2    3.24    0.00   19.35    0.06    0.00   14.37    0.06    0.00    0.00   62.92
Average:       3    0.83    0.00    6.96    0.00    0.00   83.13    0.06    0.00    0.00    9.01

Average:     CPU    %usr   %nice    %sys %iowait    %irq   %soft  %steal  %guest  %gnice   %idle
Average:     all    2.80    0.00   12.28    0.07    0.00   25.90    0.06    0.00    0.00   58.89
Average:       0    3.35    0.00   11.10    0.05    0.00    7.20    0.05    0.00    0.00   78.24
Average:       1    3.17    0.00   11.15    0.05    0.00    6.78    0.05    0.00    0.00   78.79
Average:       2    3.47    0.00   19.27    0.17    0.00   13.70    0.06    0.00    0.00   63.33
Average:       3    1.01    0.00    7.15    0.00    0.00   83.11    0.06    0.00    0.00    8.67

Average:     CPU    %usr   %nice    %sys %iowait    %irq   %soft  %steal  %guest  %gnice   %idle
Average:     all    3.84    0.00   12.85    0.17    0.00   24.89    0.04    0.00    0.00   58.20
Average:       0    5.19    0.00   12.06    0.22    0.00    6.33    0.05    0.00    0.00   76.15
Average:       1    6.17    0.00   10.75    0.33    0.00    5.29    0.06    0.00    0.00   77.40
Average:       2    2.67    0.00   19.61    0.11    0.00   13.70    0.06    0.00    0.00   63.84
Average:       3    0.94    0.00    8.70    0.00    0.00   80.73    0.00    0.00    0.00    9.64

Average:     CPU    %usr   %nice    %sys %iowait    %irq   %soft  %steal  %guest  %gnice   %idle
Average:     all    4.25    0.00   12.30    0.13    0.00   25.14    0.06    0.00    0.00   58.12
Average:       0    5.66    0.00   10.87    0.33    0.00    6.53    0.11    0.00    0.00   76.50
Average:       1    6.01    0.00   10.75    0.17    0.00    5.24    0.06    0.00    0.00   77.78
Average:       2    3.98    0.00   19.00    0.00    0.00   13.28    0.00    0.00    0.00   63.74
Average:       3    0.94    0.00    8.41    0.00    0.00   81.98    0.06    0.00    0.00    8.60

Average:     CPU    %usr   %nice    %sys %iowait    %irq   %soft  %steal  %guest  %gnice   %idle
Average:     all    2.87    0.00   12.52    0.09    0.00   24.92    0.04    0.00    0.00   59.56
Average:       0    3.46    0.00   10.83    0.11    0.00    6.65    0.05    0.00    0.00   78.89
Average:       1    3.39    0.00   11.09    0.16    0.00    6.72    0.05    0.00    0.00   78.58
Average:       2    3.45    0.00   19.60    0.06    0.00   13.39    0.00    0.00    0.00   63.50
Average:       3    0.90    0.00    8.12    0.00    0.00   80.93    0.06    0.00    0.00    9.99

Average:     CPU    %usr   %nice    %sys %iowait    %irq   %soft  %steal  %guest  %gnice   %idle
Average:     all    3.11    0.00   12.30    0.04    0.00   24.74    0.07    0.00    0.00   59.73
Average:       0    5.12    0.00   10.30    0.05    0.00    6.98    0.11    0.00    0.00   77.44
Average:       1    3.61    0.00   10.72    0.11    0.00    5.85    0.05    0.00    0.00   79.65
Average:       2    2.39    0.00   20.07    0.00    0.00   13.63    0.06    0.00    0.00   63.85
Average:       3    0.96    0.00    7.76    0.00    0.00   80.31    0.06    0.00    0.00   10.90

Average:     CPU    %usr   %nice    %sys %iowait    %irq   %soft  %steal  %guest  %gnice   %idle
Average:     all    2.53    0.00   11.63    0.07    0.00   23.57    0.04    0.00    0.00   62.15
Average:       0    3.06    0.00    9.18    0.16    0.00    6.67    0.05    0.00    0.00   80.87
Average:       1    3.21    0.00    9.40    0.11    0.00    5.22    0.05    0.00    0.00   82.01
Average:       2    2.69    0.00   18.24    0.00    0.00   13.61    0.00    0.00    0.00   65.47
Average:       3    0.92    0.00    9.69    0.00    0.00   77.34    0.07    0.00    0.00   11.98

Average:     CPU    %usr   %nice    %sys %iowait    %irq   %soft  %steal  %guest  %gnice   %idle
Average:     all    2.61    0.00   12.35    0.06    0.00   24.62    0.07    0.00    0.00   60.29
Average:       0    3.04    0.00    9.55    0.22    0.00    6.35    0.11    0.00    0.00   80.74
Average:       1    3.32    0.00   10.07    0.00    0.00    6.26    0.05    0.00    0.00   80.30
Average:       2    2.88    0.00   20.59    0.00    0.00   13.97    0.06    0.00    0.00   62.50
Average:       3    0.96    0.00    8.97    0.00    0.00   79.55    0.06    0.00    0.00   10.45

Average:     CPU    %usr   %nice    %sys %iowait    %irq   %soft  %steal  %guest  %gnice   %idle
Average:     all    3.88    0.00   11.96    0.16    0.00   22.86    0.07    0.00    0.00   61.06
Average:       0    5.09    0.00    9.58    0.33    0.00    6.15    0.11    0.00    0.00   78.74
Average:       1    5.58    0.00   10.12    0.27    0.00    5.91    0.11    0.00    0.00   78.01
Average:       2    3.04    0.00   18.25    0.00    0.00   12.46    0.06    0.00    0.00   66.19
Average:       3    1.33    0.00    9.77    0.00    0.00   75.60    0.00    0.00    0.00   13.30

Average:     CPU    %usr   %nice    %sys %iowait    %irq   %soft  %steal  %guest  %gnice   %idle
Average:     all    3.97    0.00   12.72    0.13    0.00   24.56    0.03    0.00    0.00   58.58
Average:       0    5.13    0.00   11.59    0.22    0.00    6.62    0.06    0.00    0.00   76.38
Average:       1    6.28    0.00   11.18    0.28    0.00    6.00    0.06    0.00    0.00   76.21
Average:       2    3.14    0.00   19.16    0.00    0.00   14.20    0.00    0.00    0.00   63.51
Average:       3    0.84    0.00    8.55    0.00    0.00   79.26    0.00    0.00    0.00   11.34

Average:     CPU    %usr   %nice    %sys %iowait    %irq   %soft  %steal  %guest  %gnice   %idle
Average:     all    2.49    0.00   11.15    0.07    0.00   22.95    0.07    0.00    0.00   63.27
Average:       0    3.07    0.00    8.67    0.16    0.00    6.09    0.11    0.00    0.00   81.90
Average:       1    3.04    0.00    7.85    0.11    0.00    5.36    0.06    0.00    0.00   83.59
Average:       2    2.70    0.00   18.43    0.00    0.00   12.69    0.06    0.00    0.00   66.13
Average:       3    0.87    0.00    9.72    0.00    0.00   76.50    0.07    0.00    0.00   12.85

Average:     CPU    %usr   %nice    %sys %iowait    %irq   %soft  %steal  %guest  %gnice   %idle
Average:     all    2.67    0.00   11.75    0.09    0.00   23.95    0.04    0.00    0.00   61.50
Average:       0    3.36    0.00    9.48    0.17    0.00    6.06    0.11    0.00    0.00   80.82
Average:       1    2.98    0.00    9.55    0.11    0.00    5.30    0.06    0.00    0.00   82.01
Average:       2    2.63    0.00   18.33    0.06    0.00   13.23    0.00    0.00    0.00   65.75
Average:       3    1.54    0.00    9.58    0.00    0.00   78.53    0.00    0.00    0.00   10.35

Average:     CPU    %usr   %nice    %sys %iowait    %irq   %soft  %steal  %guest  %gnice   %idle
Average:     all    3.18    0.00   12.17    0.09    0.00   24.50    0.07    0.00    0.00   59.98
Average:       0    3.51    0.00   10.31    0.27    0.00    6.80    0.05    0.00    0.00   79.05
Average:       1    4.65    0.00   10.45    0.00    0.00    5.74    0.11    0.00    0.00   79.05
Average:       2    2.91    0.00   19.42    0.06    0.00   13.36    0.06    0.00    0.00   64.19
Average:       3    1.36    0.00    8.18    0.00    0.00   80.39    0.06    0.00    0.00   10.00



Numbers grid:
554 528 597 518 524 512 512 558 519 577 550 540 515 553 528 552 525 579 571 558
497 530 532 565 591 542 563 560 574 567 537 554 524 394 612 566 592 565 545 585
523 583 539 493 585 561 481 565 515 602 575 535 548 543 507 580 574 489 503 586
549 561 587 497 523 498 487 570 527 522 518 586 527 533 551 551 495 528 518 608
605 636 592 464 475 536 563 585 541 567 495 590 517 560 545 553 544 572 480 480
546 558 558 635 486 538 594 551 553 544 526 563 554 519 562 560 534 539 550 546
597 502 531 516 541 493 500 537 541 550 651 562 584 542 521 548 592 559 568 527
581 557 608 556 574 533 554 560 598 526 619 535 551 520 586 598 543 515 572 527
Core 0 idle: 
78.03
79.25
78.98
76.67
75.08
80.76
77.65
76.70
78.24
76.15
76.50
78.89
77.44
80.87
80.74
78.74
76.38
81.90
80.82
79.05
Core 0 soft: 
6.70
6.44
7.14
6.35
7.04
6.43
7.40
6.76
7.20
6.33
6.53
6.65
6.98
6.67
6.35
6.15
6.62
6.09
6.06
6.80
Core 0 sys: 
10.49
10.62
10.51
10.57
11.27
9.48
11.20
11.21
11.10
12.06
10.87
10.83
10.30
9.18
9.55
9.58
11.59
8.67
9.48
10.31
Core 0 usr: 
4.50
3.41
3.16
6.08
6.34
3.16
3.59
5.00
3.35
5.19
5.66
3.46
5.12
3.06
3.04
5.09
5.13
3.07
3.36
3.51
Core 1 idle: 
78.25
80.08
79.81
77.56
75.32
80.39
78.28
78.52
78.79
77.40
77.78
78.58
79.65
82.01
80.30
78.01
76.21
83.59
82.01
79.05
Core 1 soft: 
6.14
5.97
7.08
4.87
6.06
5.31
6.84
6.33
6.78
5.29
5.24
6.72
5.85
5.22
6.26
5.91
6.00
5.36
5.30
5.74
Core 1 sys: 
11.26
10.51
9.60
10.62
12.18
9.36
11.47
10.63
11.15
10.75
10.75
11.09
10.72
9.40
10.07
10.12
11.18
7.85
9.55
10.45
Core 1 usr: 
4.19
3.28
3.24
6.62
6.22
4.76
3.31
4.41
3.17
6.17
6.01
3.39
3.61
3.21
3.32
5.58
6.28
3.04
2.98
4.65
Core 2 idle: 
62.99
65.70
63.09
63.87
62.08
65.39
63.11
62.92
63.33
63.84
63.74
63.50
63.85
65.47
62.50
66.19
63.51
66.13
65.75
64.19
Core 2 soft: 
13.76
13.23
13.54
13.28
13.60
12.66
13.45
14.37
13.70
13.70
13.28
13.39
13.63
13.61
13.97
12.46
14.20
12.69
13.23
13.36
Core 2 sys: 
19.44
18.46
20.15
19.75
20.51
19.30
20.24
19.35
19.27
19.61
19.00
19.60
20.07
18.24
20.59
18.25
19.16
18.43
18.33
19.42
Core 2 usr: 
3.81
2.61
3.05
2.98
3.71
2.53
3.02
3.24
3.47
2.67
3.98
3.45
2.39
2.69
2.88
3.04
3.14
2.70
2.63
2.91
Core 3 idle: 
9.98
8.88
9.79
10.48
10.50
11.48
7.07
9.01
8.67
9.64
8.60
9.99
10.90
11.98
10.45
13.30
11.34
12.85
10.35
10.00
Core 3 soft: 
80.88
81.10
80.93
77.64
78.94
76.91
85.62
83.13
83.11
80.73
81.98
80.93
80.31
77.34
79.55
75.60
79.26
76.50
78.53
80.39
Core 3 sys: 
8.18
8.62
8.38
10.42
9.42
10.64
6.52
6.96
7.15
8.70
8.41
8.12
7.76
9.69
8.97
9.77
8.55
9.72
9.58
8.18
Core 3 usr: 
0.90
1.33
0.83
1.34
1.08
0.97
0.80
0.83
1.01
0.94
0.94
0.90
0.96
0.92
0.96
1.33
0.84
0.87
1.54
1.36
