Running experiment 1...
Experiment 1 completed.
647
642
633
652
662
659
607
626
Running experiment 2...
Experiment 2 completed.
722
728
658
661
722
732
707
671
Running experiment 3...
Experiment 3 completed.
570
613
605
593
621
545
577
570
Running experiment 4...
Experiment 4 completed.
690
412
733
586
731
741
750
784
Running experiment 5...
Experiment 5 completed.
745
673
637
869
655
700
711
683
Running experiment 6...
Experiment 6 completed.
704
753
689
695
668
656
735
676
Running experiment 7...
Experiment 7 completed.
757
744
669
683
689
637
612
667
Running experiment 8...
Experiment 8 completed.
684
685
707
677
703
668
660
701
Running experiment 9...
Experiment 9 completed.
688
667
675
691
664
621
640
641
Running experiment 10...
Experiment 10 completed.
682
645
650
709
677
703
728
675
Running experiment 11...
Experiment 11 completed.
527
534
518
468
561
644
661
548
Running experiment 12...
Experiment 12 completed.
661
657
649
586
646
669
668
648
Running experiment 13...
Experiment 13 completed.
641
657
665
686
589
619
606
615
Running experiment 14...
Experiment 14 completed.
612
548
549
562
626
598
615
633
Running experiment 15...
Experiment 15 completed.
629
619
617
611
634
632
612
636
Running experiment 16...
Experiment 16 completed.
584
625
606
561
535
544
582
579
Running experiment 17...
Experiment 17 completed.
718
571
585
577
560
482
526
637
Running experiment 18...
Experiment 18 completed.
544
550
567
580
592
559
587
565
Running experiment 19...
Experiment 19 completed.
658
649
635
636
604
639
713
667
Running experiment 20...
Experiment 20 completed.
655
701
709
699
723
683
715
676
Average:     CPU    %usr   %nice    %sys %iowait    %irq   %soft  %steal  %guest  %gnice   %idle
Average:     all    5.40    0.00   12.04    0.09    0.00   22.61    0.02    0.00    0.00   59.84
Average:       0    4.97    0.00   12.91    0.06    0.00   14.51    0.00    0.00    0.00   67.55
Average:       1    4.32    0.00   13.31    0.06    0.00   15.65    0.06    0.00    0.00   66.61
Average:       2    9.34    0.00   11.98    0.18    0.00   13.62    0.00    0.00    0.00   64.89
Average:       3    2.36    0.00    9.43    0.07    0.00   52.76    0.00    0.00    0.00   35.37

Average:     CPU    %usr   %nice    %sys %iowait    %irq   %soft  %steal  %guest  %gnice   %idle
Average:     all    6.52    0.00   13.05    0.14    0.00   25.69    0.02    0.00    0.00   54.59
Average:       0    5.32    0.00   14.06    0.24    0.00   16.72    0.06    0.00    0.00   63.61
Average:       1    5.38    0.00   13.15    0.06    0.00   17.65    0.00    0.00    0.00   63.76
Average:       2   10.77    0.00   14.16    0.23    0.00   15.33    0.00    0.00    0.00   59.51
Average:       3    4.22    0.00   10.40    0.00    0.00   58.47    0.00    0.00    0.00   26.91

Average:     CPU    %usr   %nice    %sys %iowait    %irq   %soft  %steal  %guest  %gnice   %idle
Average:     all    6.20    0.00    9.90    0.02    0.00   18.81    0.05    0.00    0.00   65.03
Average:       0    7.08    0.00   10.69    0.00    0.00   11.79    0.06    0.00    0.00   70.38
Average:       1    8.12    0.00    9.97    0.00    0.00   12.56    0.00    0.00    0.00   69.35
Average:       2    6.05    0.00   10.24    0.06    0.00   11.70    0.06    0.00    0.00   71.89
Average:       3    2.81    0.00    8.36    0.00    0.00   44.82    0.07    0.00    0.00   43.93

Average:     CPU    %usr   %nice    %sys %iowait    %irq   %soft  %steal  %guest  %gnice   %idle
Average:     all    3.27    0.00   12.20    0.09    0.00   22.49    0.02    0.00    0.00   61.93
Average:       0    3.37    0.00   13.64    0.12    0.00   14.94    0.00    0.00    0.00   67.93
Average:       1    3.12    0.00   12.42    0.06    0.00   17.07    0.06    0.00    0.00   67.27
Average:       2    3.49    0.00   12.77    0.12    0.00   13.84    0.00    0.00    0.00   69.78
Average:       3    3.07    0.00    9.29    0.08    0.00   50.58    0.00    0.00    0.00   36.99

Average:     CPU    %usr   %nice    %sys %iowait    %irq   %soft  %steal  %guest  %gnice   %idle
Average:     all    3.21    0.00   11.86    0.09    0.00   22.44    0.02    0.00    0.00   62.38
Average:       0    3.22    0.00   14.35    0.00    0.00   14.77    0.06    0.00    0.00   67.60
Average:       1    3.15    0.00   12.76    0.00    0.00   16.26    0.00    0.00    0.00   67.83
Average:       2    3.93    0.00   11.10    0.29    0.00   12.80    0.00    0.00    0.00   71.87
Average:       3    2.33    0.00    8.46    0.08    0.00   53.22    0.00    0.00    0.00   35.92

Average:     CPU    %usr   %nice    %sys %iowait    %irq   %soft  %steal  %guest  %gnice   %idle
Average:     all    4.52    0.00   13.36    0.11    0.00   25.25    0.03    0.00    0.00   56.74
Average:       0    9.00    0.00   13.83    0.06    0.00   13.83    0.06    0.00    0.00   63.22
Average:       1    3.04    0.00   15.58    0.06    0.00   17.31    0.00    0.00    0.00   64.00
Average:       2    3.51    0.00   14.02    0.24    0.00   14.62    0.00    0.00    0.00   67.62
Average:       3    2.13    0.00    9.24    0.07    0.00   62.00    0.07    0.00    0.00   26.49

Average:     CPU    %usr   %nice    %sys %iowait    %irq   %soft  %steal  %guest  %gnice   %idle
Average:     all    5.37    0.00   12.31    0.11    0.00   24.66    0.02    0.00    0.00   57.54
Average:       0    5.60    0.00   13.94    0.23    0.00   14.81    0.00    0.00    0.00   65.42
Average:       1    5.43    0.00   12.49    0.12    0.00   17.86    0.06    0.00    0.00   64.05
Average:       2    5.89    0.00   12.48    0.06    0.00   15.72    0.00    0.00    0.00   65.86
Average:       3    4.38    0.00    9.90    0.00    0.00   56.10    0.00    0.00    0.00   29.63

Average:     CPU    %usr   %nice    %sys %iowait    %irq   %soft  %steal  %guest  %gnice   %idle
Average:     all    6.59    0.00   14.39    0.14    0.00   26.60    0.00    0.00    0.00   52.28
Average:       0    6.51    0.00   16.34    0.12    0.00   16.46    0.00    0.00    0.00   60.57
Average:       1    5.84    0.00   15.76    0.12    0.00   18.86    0.00    0.00    0.00   59.43
Average:       2    9.72    0.00   14.61    0.24    0.00   15.38    0.00    0.00    0.00   60.05
Average:       3    3.81    0.00   10.07    0.07    0.00   62.01    0.00    0.00    0.00   24.03

Average:     CPU    %usr   %nice    %sys %iowait    %irq   %soft  %steal  %guest  %gnice   %idle
Average:     all    4.66    0.00   11.71    0.08    0.00   24.31    0.02    0.00    0.00   59.23
Average:       0    4.32    0.00   12.74    0.12    0.00   14.87    0.00    0.00    0.00   67.95
Average:       1    3.09    0.00   11.93    0.06    0.00   15.61    0.06    0.00    0.00   69.26
Average:       2    8.78    0.00   12.93    0.12    0.00   13.40    0.00    0.00    0.00   64.77
Average:       3    1.96    0.00    8.70    0.00    0.00   59.78    0.00    0.00    0.00   29.57

Average:     CPU    %usr   %nice    %sys %iowait    %irq   %soft  %steal  %guest  %gnice   %idle
Average:     all    6.49    0.00   11.87    0.09    0.00   25.92    0.05    0.00    0.00   55.58
Average:       0    3.94    0.00   12.94    0.06    0.00   17.95    0.06    0.00    0.00   65.06
Average:       1    9.66    0.00   12.73    0.12    0.00   17.36    0.06    0.00    0.00   60.07
Average:       2    6.92    0.00   12.16    0.18    0.00   16.01    0.06    0.00    0.00   64.66
Average:       3    5.10    0.00    9.19    0.00    0.00   57.93    0.00    0.00    0.00   27.78

Average:     CPU    %usr   %nice    %sys %iowait    %irq   %soft  %steal  %guest  %gnice   %idle
Average:     all    2.79    0.00    9.74    0.06    0.00   16.98    0.02    0.00    0.00   70.42
Average:       0    3.18    0.00   10.86    0.00    0.00   12.19    0.06    0.00    0.00   73.71
Average:       1    2.73    0.00   10.45    0.12    0.00   13.06    0.00    0.00    0.00   73.65
Average:       2    2.83    0.00    8.96    0.12    0.00   10.29    0.00    0.00    0.00   77.79
Average:       3    2.28    0.00    8.33    0.00    0.00   37.86    0.00    0.00    0.00   51.53

Average:     CPU    %usr   %nice    %sys %iowait    %irq   %soft  %steal  %guest  %gnice   %idle
Average:     all    4.65    0.00   11.68    0.08    0.00   23.57    0.02    0.00    0.00   60.00
Average:       0    4.09    0.00   14.66    0.00    0.00   17.76    0.00    0.00    0.00   63.49
Average:       1    6.02    0.00   12.51    0.12    0.00   18.64    0.00    0.00    0.00   62.71
Average:       2    4.47    0.00   11.12    0.18    0.00   12.71    0.06    0.00    0.00   71.47
Average:       3    3.85    0.00    7.47    0.00    0.00   51.40    0.00    0.00    0.00   37.28

Average:     CPU    %usr   %nice    %sys %iowait    %irq   %soft  %steal  %guest  %gnice   %idle
Average:     all    4.88    0.00   13.50    0.12    0.00   25.19    0.02    0.00    0.00   56.29
Average:       0    4.59    0.00   16.27    0.06    0.00   17.58    0.00    0.00    0.00   61.50
Average:       1    5.97    0.00   14.92    0.12    0.00   19.13    0.00    0.00    0.00   59.86
Average:       2    4.89    0.00   12.90    0.23    0.00   13.07    0.06    0.00    0.00   68.85
Average:       3    3.86    0.00    9.10    0.07    0.00   57.35    0.00    0.00    0.00   29.62

Average:     CPU    %usr   %nice    %sys %iowait    %irq   %soft  %steal  %guest  %gnice   %idle
Average:     all    2.67    0.00   11.61    0.08    0.00   19.67    0.03    0.00    0.00   65.94
Average:       0    2.74    0.00   12.50    0.00    0.00   12.02    0.06    0.00    0.00   72.68
Average:       1    3.04    0.00   11.83    0.00    0.00   14.46    0.06    0.00    0.00   70.61
Average:       2    2.68    0.00   11.95    0.23    0.00   11.66    0.00    0.00    0.00   73.47
Average:       3    2.06    0.00    9.76    0.08    0.00   46.72    0.00    0.00    0.00   41.39

Average:     CPU    %usr   %nice    %sys %iowait    %irq   %soft  %steal  %guest  %gnice   %idle
Average:     all    4.73    0.00   12.24    0.08    0.00   23.68    0.02    0.00    0.00   59.25
Average:       0    8.39    0.00   12.47    0.00    0.00   14.60    0.06    0.00    0.00   64.48
Average:       1    4.22    0.00   12.66    0.06    0.00   16.82    0.00    0.00    0.00   66.24
Average:       2    2.81    0.00   13.61    0.18    0.00   16.84    0.00    0.00    0.00   66.57
Average:       3    3.14    0.00    9.64    0.08    0.00   53.18    0.00    0.00    0.00   33.97

Average:     CPU    %usr   %nice    %sys %iowait    %irq   %soft  %steal  %guest  %gnice   %idle
Average:     all    4.72    0.00   10.47    0.06    0.00   18.75    0.05    0.00    0.00   65.95
Average:       0    2.80    0.00   11.66    0.00    0.00   13.35    0.06    0.00    0.00   72.13
Average:       1    2.69    0.00   11.62    0.00    0.00   13.55    0.06    0.00    0.00   72.08
Average:       2    9.99    0.00    9.36    0.23    0.00   10.34    0.06    0.00    0.00   70.02
Average:       3    2.89    0.00    8.88    0.00    0.00   43.66    0.00    0.00    0.00   44.57

Average:     CPU    %usr   %nice    %sys %iowait    %irq   %soft  %steal  %guest  %gnice   %idle
Average:     all    6.08    0.00   10.54    0.12    0.00   19.42    0.03    0.00    0.00   63.80
Average:       0    8.37    0.00   10.65    0.23    0.00   12.29    0.06    0.00    0.00   68.40
Average:       1    3.51    0.00   11.67    0.06    0.00   13.28    0.06    0.00    0.00   71.41
Average:       2    8.97    0.00   10.73    0.06    0.00   11.61    0.00    0.00    0.00   68.64
Average:       3    2.70    0.00    8.71    0.15    0.00   46.32    0.00    0.00    0.00   42.12

Average:     CPU    %usr   %nice    %sys %iowait    %irq   %soft  %steal  %guest  %gnice   %idle
Average:     all    4.56    0.00   10.69    0.19    0.00   17.82    0.00    0.00    0.00   66.75
Average:       0    4.45    0.00   11.42    0.35    0.00   11.83    0.00    0.00    0.00   71.96
Average:       1    4.90    0.00   11.26    0.18    0.00   13.01    0.00    0.00    0.00   70.65
Average:       2    4.62    0.00   10.99    0.12    0.00   10.35    0.00    0.00    0.00   73.92
Average:       3    4.20    0.00    8.62    0.07    0.00   41.23    0.00    0.00    0.00   45.88

Average:     CPU    %usr   %nice    %sys %iowait    %irq   %soft  %steal  %guest  %gnice   %idle
Average:     all    5.64    0.00   12.04    0.16    0.00   23.39    0.02    0.00    0.00   58.75
Average:       0    6.07    0.00   13.45    0.24    0.00   15.60    0.06    0.00    0.00   64.58
Average:       1    5.36    0.00   12.86    0.00    0.00   16.74    0.00    0.00    0.00   65.04
Average:       2    6.52    0.00   11.71    0.30    0.00   13.40    0.00    0.00    0.00   68.07
Average:       3    4.36    0.00    9.68    0.07    0.00   53.58    0.00    0.00    0.00   32.30

Average:     CPU    %usr   %nice    %sys %iowait    %irq   %soft  %steal  %guest  %gnice   %idle
Average:     all    3.98    0.00   12.95    0.10    0.00   24.05    0.02    0.00    0.00   58.91
Average:       0    5.22    0.00   13.46    0.06    0.00   16.25    0.00    0.00    0.00   65.01
Average:       1    3.59    0.00   13.88    0.12    0.00   17.83    0.00    0.00    0.00   64.57
Average:       2    3.92    0.00   12.85    0.18    0.00   15.91    0.06    0.00    0.00   67.07
Average:       3    2.95    0.00   11.16    0.00    0.00   53.15    0.00    0.00    0.00   32.75



Numbers grid:
647 642 633 652 662 659 607 626 722 728 658 661 722 732 707 671 570 613 605 593
621 545 577 570 690 412 733 586 731 741 750 784 745 673 637 869 655 700 711 683
704 753 689 695 668 656 735 676 757 744 669 683 689 637 612 667 684 685 707 677
703 668 660 701 688 667 675 691 664 621 640 641 682 645 650 709 677 703 728 675
527 534 518 468 561 644 661 548 661 657 649 586 646 669 668 648 641 657 665 686
589 619 606 615 612 548 549 562 626 598 615 633 629 619 617 611 634 632 612 636
584 625 606 561 535 544 582 579 718 571 585 577 560 482 526 637 544 550 567 580
592 559 587 565 658 649 635 636 604 639 713 667 655 701 709 699 723 683 715 676
Core 0 idle: 
67.55
63.61
70.38
67.93
67.60
63.22
65.42
60.57
67.95
65.06
73.71
63.49
61.50
72.68
64.48
72.13
68.40
71.96
64.58
65.01
Core 0 soft: 
14.51
16.72
11.79
14.94
14.77
13.83
14.81
16.46
14.87
17.95
12.19
17.76
17.58
12.02
14.60
13.35
12.29
11.83
15.60
16.25
Core 0 sys: 
12.91
14.06
10.69
13.64
14.35
13.83
13.94
16.34
12.74
12.94
10.86
14.66
16.27
12.50
12.47
11.66
10.65
11.42
13.45
13.46
Core 0 usr: 
4.97
5.32
7.08
3.37
3.22
9.00
5.60
6.51
4.32
3.94
3.18
4.09
4.59
2.74
8.39
2.80
8.37
4.45
6.07
5.22
Core 1 idle: 
66.61
63.76
69.35
67.27
67.83
64.00
64.05
59.43
69.26
60.07
73.65
62.71
59.86
70.61
66.24
72.08
71.41
70.65
65.04
64.57
Core 1 soft: 
15.65
17.65
12.56
17.07
16.26
17.31
17.86
18.86
15.61
17.36
13.06
18.64
19.13
14.46
16.82
13.55
13.28
13.01
16.74
17.83
Core 1 sys: 
13.31
13.15
9.97
12.42
12.76
15.58
12.49
15.76
11.93
12.73
10.45
12.51
14.92
11.83
12.66
11.62
11.67
11.26
12.86
13.88
Core 1 usr: 
4.32
5.38
8.12
3.12
3.15
3.04
5.43
5.84
3.09
9.66
2.73
6.02
5.97
3.04
4.22
2.69
3.51
4.90
5.36
3.59
Core 2 idle: 
64.89
59.51
71.89
69.78
71.87
67.62
65.86
60.05
64.77
64.66
77.79
71.47
68.85
73.47
66.57
70.02
68.64
73.92
68.07
67.07
Core 2 soft: 
13.62
15.33
11.70
13.84
12.80
14.62
15.72
15.38
13.40
16.01
10.29
12.71
13.07
11.66
16.84
10.34
11.61
10.35
13.40
15.91
Core 2 sys: 
11.98
14.16
10.24
12.77
11.10
14.02
12.48
14.61
12.93
12.16
8.96
11.12
12.90
11.95
13.61
9.36
10.73
10.99
11.71
12.85
Core 2 usr: 
9.34
10.77
6.05
3.49
3.93
3.51
5.89
9.72
8.78
6.92
2.83
4.47
4.89
2.68
2.81
9.99
8.97
4.62
6.52
3.92
Core 3 idle: 
35.37
26.91
43.93
36.99
35.92
26.49
29.63
24.03
29.57
27.78
51.53
37.28
29.62
41.39
33.97
44.57
42.12
45.88
32.30
32.75
Core 3 soft: 
52.76
58.47
44.82
50.58
53.22
62.00
56.10
62.01
59.78
57.93
37.86
51.40
57.35
46.72
53.18
43.66
46.32
41.23
53.58
53.15
Core 3 sys: 
9.43
10.40
8.36
9.29
8.46
9.24
9.90
10.07
8.70
9.19
8.33
7.47
9.10
9.76
9.64
8.88
8.71
8.62
9.68
11.16
Core 3 usr: 
2.36
4.22
2.81
3.07
2.33
2.13
4.38
3.81
1.96
5.10
2.28
3.85
3.86
2.06
3.14
2.89
2.70
4.20
4.36
2.95
