Running experiment 1...
Experiment 1 completed.
259
296
262
258
296
277
260
265
272
278
290
270
343
296
268
308
Running experiment 2...
Experiment 2 completed.
308
336
261
269
263
256
274
275
256
261
293
264
305
308
277
257
Running experiment 3...
Experiment 3 completed.
263
254
281
276
268
285
251
278
238
321
235
252
245
262
261
292
Running experiment 4...
Experiment 4 completed.
327
289
380
333
316
303
278
287
264
281
329
282
287
282
290
272
Running experiment 5...
Experiment 5 completed.
262
254
270
271
302
262
280
322
276
263
291
203
283
284
286
252
Running experiment 6...
Experiment 6 completed.
317
238
230
273
320
255
272
250
252
235
263
237
249
240
252
236
Running experiment 7...
Experiment 7 completed.
300
308
276
287
305
266
262
315
296
289
312
295
302
281
296
331
Running experiment 8...
Experiment 8 completed.
299
275
280
317
271
246
300
282
272
263
276
295
329
268
268
315
Running experiment 9...
Experiment 9 completed.
332
237
349
290
243
289
248
258
263
271
246
252
249
244
297
263
Running experiment 10...
Experiment 10 completed.
288
321
297
265
278
261
271
274
261
303
258
302
292
276
295
276
Running experiment 11...
Experiment 11 completed.
242
264
289
291
263
251
289
292
289
266
286
305
317
319
329
341
Running experiment 12...
Experiment 12 completed.
251
241
251
282
249
264
267
257
265
295
272
248
281
233
244
294
Running experiment 13...
Experiment 13 completed.
332
291
310
284
274
278
298
338
291
332
272
300
281
308
296
364
Running experiment 14...
Experiment 14 completed.
264
273
240
287
307
261
241
244
259
281
304
281
444
255
244
322
Running experiment 15...
Experiment 15 completed.
298
284
273
261
320
253
259
351
302
290
280
326
194
282
279
278
Running experiment 16...
Experiment 16 completed.
320
287
273
259
300
262
270
290
295
306
296
264
268
275
267
275
Running experiment 17...
Experiment 17 completed.
277
249
338
295
364
264
269
245
263
283
256
255
324
283
294
283
Running experiment 18...
Experiment 18 completed.
242
253
269
256
301
265
255
236
296
268
297
381
301
241
248
310
Running experiment 19...
Experiment 19 completed.
334
288
286
275
276
264
242
294
244
260
304
300
295
274
252
259
Running experiment 20...
Experiment 20 completed.
255
272
408
274
253
272
262
266
281
252
311
252
309
251
257
295
Average:     CPU    %usr   %nice    %sys %iowait    %irq   %soft  %steal  %guest  %gnice   %idle
Average:     all    6.41    0.00   15.06    0.08    0.00   26.76    0.03    0.00    0.00   51.67
Average:       0    6.95    0.00   17.06    0.12    0.00   17.17    0.06    0.00    0.00   58.64
Average:       1    8.13    0.00   15.34    0.17    0.00   19.20    0.00    0.00    0.00   57.15
Average:       2    5.27    0.00   16.64    0.00    0.00   19.42    0.06    0.00    0.00   58.61
Average:       3    5.09    0.00   10.64    0.00    0.00   54.82    0.00    0.00    0.00   29.45

Average:     CPU    %usr   %nice    %sys %iowait    %irq   %soft  %steal  %guest  %gnice   %idle
Average:     all    6.21    0.02   15.34    0.14    0.00   27.23    0.05    0.00    0.00   51.02
Average:       0    5.90    0.00   16.92    0.18    0.00   18.22    0.06    0.00    0.00   58.73
Average:       1    5.19    0.06   16.56    0.17    0.00   19.65    0.06    0.00    0.00   58.31
Average:       2   10.52    0.00   16.02    0.18    0.00   17.04    0.06    0.00    0.00   56.19
Average:       3    2.82    0.00   11.28    0.00    0.00   58.39    0.00    0.00    0.00   27.51

Average:     CPU    %usr   %nice    %sys %iowait    %irq   %soft  %steal  %guest  %gnice   %idle
Average:     all    3.46    0.00   14.00    0.08    0.00   24.55    0.05    0.00    0.00   57.86
Average:       0    4.07    0.00   15.47    0.00    0.00   15.84    0.06    0.00    0.00   64.55
Average:       1    3.41    0.00   13.72    0.00    0.00   18.13    0.06    0.00    0.00   64.68
Average:       2    3.60    0.00   15.30    0.26    0.00   15.87    0.06    0.00    0.00   64.91
Average:       3    2.60    0.00   10.99    0.08    0.00   53.51    0.00    0.00    0.00   32.82

Average:     CPU    %usr   %nice    %sys %iowait    %irq   %soft  %steal  %guest  %gnice   %idle
Average:     all    5.84    0.00   16.61    0.05    0.00   30.13    0.05    0.00    0.00   47.33
Average:       0    6.50    0.00   19.32    0.06    0.00   18.17    0.06    0.00    0.00   55.89
Average:       1    9.80    0.00   16.12    0.00    0.00   19.90    0.06    0.00    0.00   54.12
Average:       2    4.03    0.00   20.01    0.12    0.00   21.23    0.06    0.00    0.00   54.55
Average:       3    2.64    0.00   10.37    0.00    0.00   64.88    0.00    0.00    0.00   22.10

Average:     CPU    %usr   %nice    %sys %iowait    %irq   %soft  %steal  %guest  %gnice   %idle
Average:     all    3.53    0.00   13.19    0.06    0.00   23.90    0.03    0.00    0.00   59.28
Average:       0    3.78    0.00   14.23    0.12    0.00   15.58    0.06    0.00    0.00   66.23
Average:       1    4.08    0.00   14.69    0.06    0.00   16.90    0.06    0.00    0.00   64.22
Average:       2    3.23    0.00   13.38    0.06    0.00   17.38    0.00    0.00    0.00   65.95
Average:       3    2.93    0.00    9.88    0.00    0.00   50.39    0.00    0.00    0.00   36.79

Average:     CPU    %usr   %nice    %sys %iowait    %irq   %soft  %steal  %guest  %gnice   %idle
Average:     all    3.80    0.00   12.99    0.08    0.00   23.37    0.03    0.00    0.00   59.73
Average:       0    4.34    0.00   14.42    0.06    0.00   15.59    0.06    0.00    0.00   65.53
Average:       1    4.03    0.00   13.50    0.06    0.00   17.59    0.06    0.00    0.00   64.76
Average:       2    3.81    0.00   14.10    0.12    0.00   16.00    0.00    0.00    0.00   65.97
Average:       3    2.82    0.00    9.25    0.07    0.00   49.06    0.00    0.00    0.00   38.80

Average:     CPU    %usr   %nice    %sys %iowait    %irq   %soft  %steal  %guest  %gnice   %idle
Average:     all    3.85    0.00   15.78    0.02    0.00   29.26    0.02    0.00    0.00   51.08
Average:       0    5.34    0.00   17.87    0.00    0.00   17.21    0.00    0.00    0.00   59.59
Average:       1    4.84    0.00   16.39    0.06    0.00   19.38    0.00    0.00    0.00   59.33
Average:       2    2.92    0.00   18.64    0.00    0.00   21.07    0.00    0.00    0.00   57.37
Average:       3    2.05    0.00    9.50    0.00    0.00   63.50    0.07    0.00    0.00   24.88

Average:     CPU    %usr   %nice    %sys %iowait    %irq   %soft  %steal  %guest  %gnice   %idle
Average:     all    5.50    0.00   15.29    0.08    0.00   29.56    0.02    0.00    0.00   49.55
Average:       0    8.43    0.00   16.15    0.12    0.00   16.87    0.00    0.00    0.00   58.43
Average:       1    4.77    0.00   16.50    0.18    0.00   19.86    0.06    0.00    0.00   58.63
Average:       2    6.58    0.00   17.86    0.00    0.00   19.79    0.00    0.00    0.00   55.76
Average:       3    1.82    0.00   10.05    0.00    0.00   65.92    0.00    0.00    0.00   22.20

Average:     CPU    %usr   %nice    %sys %iowait    %irq   %soft  %steal  %guest  %gnice   %idle
Average:     all    7.12    0.00   15.88    0.13    0.00   28.26    0.03    0.00    0.00   48.57
Average:       0    9.57    0.00   17.23    0.23    0.00   17.34    0.06    0.00    0.00   55.57
Average:       1    8.09    0.00   16.93    0.17    0.00   18.95    0.06    0.00    0.00   55.81
Average:       2    6.65    0.00   17.33    0.06    0.00   20.71    0.00    0.00    0.00   55.25
Average:       3    3.79    0.00   11.55    0.07    0.00   59.53    0.00    0.00    0.00   25.07

Average:     CPU    %usr   %nice    %sys %iowait    %irq   %soft  %steal  %guest  %gnice   %idle
Average:     all    7.88    0.00   15.96    0.16    0.00   29.92    0.04    0.00    0.00   46.03
Average:       0   10.18    0.00   19.02    0.23    0.00   18.32    0.00    0.00    0.00   52.24
Average:       1    8.02    0.00   16.61    0.23    0.00   21.16    0.06    0.00    0.00   53.92
Average:       2    7.79    0.00   17.83    0.12    0.00   20.90    0.06    0.00    0.00   53.31
Average:       3    5.31    0.00    9.86    0.06    0.00   62.16    0.06    0.00    0.00   22.54

Average:     CPU    %usr   %nice    %sys %iowait    %irq   %soft  %steal  %guest  %gnice   %idle
Average:     all    4.01    0.00   14.94    0.09    0.00   25.91    0.02    0.00    0.00   55.03
Average:       0    3.66    0.00   16.14    0.06    0.00   16.68    0.00    0.00    0.00   63.47
Average:       1    4.59    0.00   16.26    0.23    0.00   18.64    0.06    0.00    0.00   60.22
Average:       2    4.98    0.00   15.92    0.06    0.00   17.18    0.00    0.00    0.00   61.86
Average:       3    2.61    0.00   10.91    0.00    0.00   55.04    0.00    0.00    0.00   31.43

Average:     CPU    %usr   %nice    %sys %iowait    %irq   %soft  %steal  %guest  %gnice   %idle
Average:     all    3.38    0.00   13.49    0.11    0.00   23.07    0.05    0.00    0.00   59.90
Average:       0    3.76    0.00   14.34    0.12    0.00   15.27    0.06    0.00    0.00   66.45
Average:       1    3.78    0.00   14.09    0.12    0.00   16.30    0.06    0.00    0.00   65.66
Average:       2    3.37    0.00   14.98    0.18    0.00   15.28    0.00    0.00    0.00   66.19
Average:       3    2.45    0.00   10.00    0.00    0.00   49.86    0.07    0.00    0.00   37.62

Average:     CPU    %usr   %nice    %sys %iowait    %irq   %soft  %steal  %guest  %gnice   %idle
Average:     all    4.09    0.00   16.18    0.05    0.00   32.08    0.03    0.00    0.00   47.58
Average:       0    5.29    0.00   18.83    0.06    0.00   18.77    0.06    0.00    0.00   56.98
Average:       1    3.78    0.00   17.28    0.06    0.00   21.30    0.06    0.00    0.00   57.53
Average:       2    4.83    0.00   18.59    0.06    0.00   21.79    0.00    0.00    0.00   54.74
Average:       3    2.32    0.00    9.40    0.00    0.00   69.89    0.00    0.00    0.00   18.40

Average:     CPU    %usr   %nice    %sys %iowait    %irq   %soft  %steal  %guest  %gnice   %idle
Average:     all    3.52    0.00   14.47    0.00    0.00   26.95    0.03    0.00    0.00   55.03
Average:       0    3.73    0.00   16.59    0.00    0.00   16.47    0.06    0.00    0.00   63.15
Average:       1    4.04    0.00   15.15    0.00    0.00   18.71    0.00    0.00    0.00   62.11
Average:       2    3.94    0.00   15.66    0.00    0.00   17.29    0.00    0.00    0.00   63.11
Average:       3    2.20    0.00    9.89    0.00    0.00   59.68    0.07    0.00    0.00   28.16

Average:     CPU    %usr   %nice    %sys %iowait    %irq   %soft  %steal  %guest  %gnice   %idle
Average:     all    5.32    0.00   14.48    0.05    0.00   28.24    0.05    0.00    0.00   51.87
Average:       0    4.08    0.00   16.30    0.00    0.00   17.90    0.06    0.00    0.00   61.67
Average:       1    4.53    0.00   16.13    0.06    0.00   18.98    0.06    0.00    0.00   60.24
Average:       2   10.31    0.00   15.64    0.12    0.00   16.53    0.00    0.00    0.00   57.41
Average:       3    1.97    0.00    9.10    0.00    0.00   64.40    0.07    0.00    0.00   24.46

Average:     CPU    %usr   %nice    %sys %iowait    %irq   %soft  %steal  %guest  %gnice   %idle
Average:     all    5.72    0.00   15.67    0.09    0.00   28.19    0.03    0.00    0.00   50.30
Average:       0    7.01    0.00   17.22    0.06    0.00   18.17    0.00    0.00    0.00   57.54
Average:       1    7.10    0.00   17.02    0.12    0.00   20.31    0.06    0.00    0.00   55.40
Average:       2    4.82    0.00   17.02    0.12    0.00   20.30    0.00    0.00    0.00   57.74
Average:       3    3.67    0.00   10.82    0.07    0.00   57.45    0.07    0.00    0.00   27.92

Average:     CPU    %usr   %nice    %sys %iowait    %irq   %soft  %steal  %guest  %gnice   %idle
Average:     all   10.57    0.00   17.26    0.16    0.00   32.22    0.04    0.00    0.00   39.74
Average:       0   18.85    0.00   17.88    0.11    0.00   18.96    0.00    0.00    0.00   44.19
Average:       1    9.13    0.00   18.38    0.34    0.00   24.03    0.06    0.00    0.00   48.06
Average:       2    7.78    0.00   21.40    0.12    0.00   22.57    0.06    0.00    0.00   48.07
Average:       3    6.04    0.00   10.96    0.06    0.00   65.94    0.06    0.00    0.00   16.94

Average:     CPU    %usr   %nice    %sys %iowait    %irq   %soft  %steal  %guest  %gnice   %idle
Average:     all    5.81    0.00   15.40    0.19    0.00   27.71    0.06    0.00    0.00   50.82
Average:       0    7.00    0.00   16.03    0.17    0.00   18.06    0.06    0.00    0.00   58.68
Average:       1    6.73    0.00   16.39    0.35    0.00   19.09    0.06    0.00    0.00   57.39
Average:       2    4.75    0.00   17.83    0.17    0.00   20.15    0.06    0.00    0.00   57.04
Average:       3    4.62    0.00   10.77    0.07    0.00   57.27    0.07    0.00    0.00   27.21

Average:     CPU    %usr   %nice    %sys %iowait    %irq   %soft  %steal  %guest  %gnice   %idle
Average:     all    6.70    0.00   14.56    0.05    0.00   28.40    0.06    0.00    0.00   50.23
Average:       0    4.82    0.00   16.60    0.06    0.00   18.92    0.06    0.00    0.00   59.55
Average:       1    4.30    0.00   16.05    0.00    0.00   21.63    0.06    0.00    0.00   57.97
Average:       2   10.21    0.00   15.68    0.12    0.00   17.64    0.06    0.00    0.00   56.29
Average:       3    7.59    0.00    9.47    0.00    0.00   58.04    0.06    0.00    0.00   24.84

Average:     CPU    %usr   %nice    %sys %iowait    %irq   %soft  %steal  %guest  %gnice   %idle
Average:     all    3.84    0.00   14.67    0.05    0.00   25.40    0.03    0.00    0.00   56.02
Average:       0    4.37    0.00   16.07    0.00    0.00   16.53    0.00    0.00    0.00   63.04
Average:       1    3.49    0.00   15.69    0.12    0.00   18.01    0.00    0.00    0.00   62.70
Average:       2    4.45    0.00   15.30    0.00    0.00   17.62    0.06    0.00    0.00   62.57
Average:       3    2.94    0.00   11.08    0.07    0.00   53.49    0.07    0.00    0.00   32.35



Numbers grid:
259 296 262 258 296 277 260 265 272 278 290 270 343 296 268 308 308 336 261 269
263 256 274 275 256 261 293 264 305 308 277 257 263 254 281 276 268 285 251 278
238 321 235 252 245 262 261 292 327 289 380 333 316 303 278 287 264 281 329 282
287 282 290 272 262 254 270 271 302 262 280 322 276 263 291 203 283 284 286 252
317 238 230 273 320 255 272 250 252 235 263 237 249 240 252 236 300 308 276 287
305 266 262 315 296 289 312 295 302 281 296 331 299 275 280 317 271 246 300 282
272 263 276 295 329 268 268 315 332 237 349 290 243 289 248 258 263 271 246 252
249 244 297 263 288 321 297 265 278 261 271 274 261 303 258 302 292 276 295 276
242 264 289 291 263 251 289 292 289 266 286 305 317 319 329 341 251 241 251 282
249 264 267 257 265 295 272 248 281 233 244 294 332 291 310 284 274 278 298 338
291 332 272 300 281 308 296 364 264 273 240 287 307 261 241 244 259 281 304 281
444 255 244 322 298 284 273 261 320 253 259 351 302 290 280 326 194 282 279 278
320 287 273 259 300 262 270 290 295 306 296 264 268 275 267 275 277 249 338 295
364 264 269 245 263 283 256 255 324 283 294 283 242 253 269 256 301 265 255 236
296 268 297 381 301 241 248 310 334 288 286 275 276 264 242 294 244 260 304 300
295 274 252 259 255 272 408 274 253 272 262 266 281 252 311 252 309 251 257 295
Core 0 idle: 
58.64
58.73
64.55
55.89
66.23
65.53
59.59
58.43
55.57
52.24
63.47
66.45
56.98
63.15
61.67
57.54
44.19
58.68
59.55
63.04
Core 0 soft: 
17.17
18.22
15.84
18.17
15.58
15.59
17.21
16.87
17.34
18.32
16.68
15.27
18.77
16.47
17.90
18.17
18.96
18.06
18.92
16.53
Core 0 sys: 
17.06
16.92
15.47
19.32
14.23
14.42
17.87
16.15
17.23
19.02
16.14
14.34
18.83
16.59
16.30
17.22
17.88
16.03
16.60
16.07
Core 0 usr: 
6.95
5.90
4.07
6.50
3.78
4.34
5.34
8.43
9.57
10.18
3.66
3.76
5.29
3.73
4.08
7.01
18.85
7.00
4.82
4.37
Core 1 idle: 
57.15
58.31
64.68
54.12
64.22
64.76
59.33
58.63
55.81
53.92
60.22
65.66
57.53
62.11
60.24
55.40
48.06
57.39
57.97
62.70
Core 1 soft: 
19.20
19.65
18.13
19.90
16.90
17.59
19.38
19.86
18.95
21.16
18.64
16.30
21.30
18.71
18.98
20.31
24.03
19.09
21.63
18.01
Core 1 sys: 
15.34
16.56
13.72
16.12
14.69
13.50
16.39
16.50
16.93
16.61
16.26
14.09
17.28
15.15
16.13
17.02
18.38
16.39
16.05
15.69
Core 1 usr: 
8.13
5.19
3.41
9.80
4.08
4.03
4.84
4.77
8.09
8.02
4.59
3.78
3.78
4.04
4.53
7.10
9.13
6.73
4.30
3.49
Core 2 idle: 
58.61
56.19
64.91
54.55
65.95
65.97
57.37
55.76
55.25
53.31
61.86
66.19
54.74
63.11
57.41
57.74
48.07
57.04
56.29
62.57
Core 2 soft: 
19.42
17.04
15.87
21.23
17.38
16.00
21.07
19.79
20.71
20.90
17.18
15.28
21.79
17.29
16.53
20.30
22.57
20.15
17.64
17.62
Core 2 sys: 
16.64
16.02
15.30
20.01
13.38
14.10
18.64
17.86
17.33
17.83
15.92
14.98
18.59
15.66
15.64
17.02
21.40
17.83
15.68
15.30
Core 2 usr: 
5.27
10.52
3.60
4.03
3.23
3.81
2.92
6.58
6.65
7.79
4.98
3.37
4.83
3.94
10.31
4.82
7.78
4.75
10.21
4.45
Core 3 idle: 
29.45
27.51
32.82
22.10
36.79
38.80
24.88
22.20
25.07
22.54
31.43
37.62
18.40
28.16
24.46
27.92
16.94
27.21
24.84
32.35
Core 3 soft: 
54.82
58.39
53.51
64.88
50.39
49.06
63.50
65.92
59.53
62.16
55.04
49.86
69.89
59.68
64.40
57.45
65.94
57.27
58.04
53.49
Core 3 sys: 
10.64
11.28
10.99
10.37
9.88
9.25
9.50
10.05
11.55
9.86
10.91
10.00
9.40
9.89
9.10
10.82
10.96
10.77
9.47
11.08
Core 3 usr: 
5.09
2.82
2.60
2.64
2.93
2.82
2.05
1.82
3.79
5.31
2.61
2.45
2.32
2.20
1.97
3.67
6.04
4.62
7.59
2.94
