Running experiment 1...
Experiment 1 completed.
548
512
537
671
598
543
563
632
Running experiment 2...
Experiment 2 completed.
604
618
655
643
663
616
651
666
Running experiment 3...
Experiment 3 completed.
534
643
595
611
607
568
570
599
Running experiment 4...
Experiment 4 completed.
538
575
538
595
595
655
530
543
Running experiment 5...
Experiment 5 completed.
576
563
548
542
574
555
558
659
Running experiment 6...
Experiment 6 completed.
616
612
640
581
611
608
587
596
Running experiment 7...
Experiment 7 completed.
534
584
572
554
579
682
592
561
Running experiment 8...
Experiment 8 completed.
612
531
574
614
580
608
582
601
Running experiment 9...
Experiment 9 completed.
606
601
596
582
549
632
564
639
Running experiment 10...
Experiment 10 completed.
610
681
641
650
624
604
660
612
Running experiment 11...
Experiment 11 completed.
615
575
574
566
575
585
591
579
Running experiment 12...
Experiment 12 completed.
622
637
615
639
604
612
629
585
Running experiment 13...
Experiment 13 completed.
595
609
582
604
568
602
578
564
Running experiment 14...
Experiment 14 completed.
537
589
585
581
590
585
555
594
Running experiment 15...
Experiment 15 completed.
567
589
537
616
581
556
555
634
Running experiment 16...
Experiment 16 completed.
609
630
651
645
645
632
581
624
Running experiment 17...
Experiment 17 completed.
602
688
588
601
615
541
593
625
Running experiment 18...
Experiment 18 completed.
603
641
606
636
604
582
653
650
Running experiment 19...
Experiment 19 completed.
560
613
576
582
588
618
659
599
Running experiment 20...
Experiment 20 completed.
560
700
585
508
559
530
503
472
Average:     CPU    %usr   %nice    %sys %iowait    %irq   %soft  %steal  %guest  %gnice   %idle
Average:     all    3.32    0.00   12.92    0.05    0.00   22.22    0.03    0.00    0.00   61.46
Average:       0    4.28    0.00   13.19    0.00    0.00   11.81    0.06    0.00    0.00   70.66
Average:       1    3.02    0.00   13.50    0.06    0.00   14.09    0.00    0.00    0.00   69.33
Average:       2    3.55    0.00   13.90    0.06    0.00   12.00    0.06    0.00    0.00   70.43
Average:       3    2.20    0.00   10.61    0.08    0.00   58.79    0.00    0.00    0.00   28.33

Average:     CPU    %usr   %nice    %sys %iowait    %irq   %soft  %steal  %guest  %gnice   %idle
Average:     all    6.25    0.00   13.92    0.07    0.00   24.97    0.03    0.00    0.00   54.77
Average:       0    7.93    0.00   15.48    0.06    0.00   13.73    0.06    0.00    0.00   62.73
Average:       1    8.61    0.00   14.60    0.06    0.00   14.78    0.06    0.00    0.00   61.88
Average:       2    3.95    0.00   15.68    0.06    0.00   14.81    0.00    0.00    0.00   65.50
Average:       3    4.03    0.00    9.05    0.08    0.00   63.65    0.00    0.00    0.00   23.19

Average:     CPU    %usr   %nice    %sys %iowait    %irq   %soft  %steal  %guest  %gnice   %idle
Average:     all    5.31    0.00   14.25    0.14    0.00   24.13    0.02    0.00    0.00   56.16
Average:       0    6.81    0.00   16.16    0.17    0.00   12.46    0.00    0.00    0.00   64.40
Average:       1    7.23    0.00   14.45    0.17    0.00   14.34    0.06    0.00    0.00   63.76
Average:       2    3.98    0.00   15.96    0.18    0.00   14.44    0.00    0.00    0.00   65.44
Average:       3    2.68    0.00    9.48    0.00    0.00   63.02    0.00    0.00    0.00   24.82

Average:     CPU    %usr   %nice    %sys %iowait    %irq   %soft  %steal  %guest  %gnice   %idle
Average:     all    6.09    0.00   13.07    0.06    0.00   21.12    0.05    0.00    0.00   59.61
Average:       0    3.13    0.00   15.07    0.00    0.00   13.39    0.06    0.00    0.00   68.35
Average:       1    3.76    0.00   14.42    0.00    0.00   13.78    0.06    0.00    0.00   67.98
Average:       2   13.80    0.00   12.75    0.17    0.00    8.73    0.06    0.00    0.00   64.49
Average:       3    2.96    0.00    9.12    0.08    0.00   57.07    0.00    0.00    0.00   30.78

Average:     CPU    %usr   %nice    %sys %iowait    %irq   %soft  %steal  %guest  %gnice   %idle
Average:     all    2.98    0.00   12.58    0.03    0.00   19.26    0.05    0.00    0.00   65.10
Average:       0    3.30    0.00   13.66    0.00    0.00   10.54    0.06    0.00    0.00   72.45
Average:       1    3.38    0.00   13.88    0.06    0.00   12.44    0.06    0.00    0.00   70.18
Average:       2    3.06    0.00   13.30    0.06    0.00    9.59    0.06    0.00    0.00   73.93
Average:       3    1.90    0.00    8.39    0.00    0.00   53.40    0.00    0.00    0.00   36.31

Average:     CPU    %usr   %nice    %sys %iowait    %irq   %soft  %steal  %guest  %gnice   %idle
Average:     all    4.61    0.00   12.72    0.05    0.00   24.56    0.05    0.00    0.00   58.02
Average:       0    4.04    0.00   14.39    0.06    0.00   14.86    0.06    0.00    0.00   66.59
Average:       1    3.43    0.00   14.41    0.06    0.00   16.54    0.06    0.00    0.00   65.51
Average:       2    5.05    0.00   13.33    0.06    0.00   12.01    0.00    0.00    0.00   69.55
Average:       3    6.28    0.00    7.76    0.00    0.00   62.08    0.07    0.00    0.00   23.80

Average:     CPU    %usr   %nice    %sys %iowait    %irq   %soft  %steal  %guest  %gnice   %idle
Average:     all    2.76    0.00   13.32    0.05    0.00   21.37    0.00    0.00    0.00   62.51
Average:       0    2.92    0.00   14.58    0.06    0.00   11.49    0.00    0.00    0.00   70.95
Average:       1    3.42    0.00   14.90    0.00    0.00   12.78    0.00    0.00    0.00   68.90
Average:       2    2.53    0.00   13.41    0.12    0.00   10.88    0.00    0.00    0.00   73.06
Average:       3    2.01    0.00    9.49    0.00    0.00   58.87    0.00    0.00    0.00   29.63

Average:     CPU    %usr   %nice    %sys %iowait    %irq   %soft  %steal  %guest  %gnice   %idle
Average:     all    5.26    0.00   14.00    0.12    0.00   23.95    0.02    0.00    0.00   56.65
Average:       0    5.32    0.00   15.36    0.12    0.00   13.64    0.06    0.00    0.00   65.51
Average:       1    6.09    0.00   15.69    0.12    0.00   14.23    0.00    0.00    0.00   63.88
Average:       2    5.35    0.00   14.88    0.18    0.00   12.41    0.00    0.00    0.00   67.18
Average:       3    4.07    0.00    9.16    0.07    0.00   62.94    0.00    0.00    0.00   23.76

Average:     CPU    %usr   %nice    %sys %iowait    %irq   %soft  %steal  %guest  %gnice   %idle
Average:     all    5.20    0.00   12.76    0.23    0.00   21.49    0.00    0.00    0.00   60.32
Average:       0    5.68    0.00   14.12    0.06    0.00   12.54    0.00    0.00    0.00   67.60
Average:       1    5.67    0.00   13.80    0.06    0.00   12.69    0.00    0.00    0.00   67.78
Average:       2    5.39    0.00   13.81    0.63    0.00   11.35    0.00    0.00    0.00   68.83
Average:       3    3.76    0.00    8.40    0.15    0.00   56.89    0.00    0.00    0.00   30.80

Average:     CPU    %usr   %nice    %sys %iowait    %irq   %soft  %steal  %guest  %gnice   %idle
Average:     all    3.21    0.00   14.12    0.05    0.00   25.87    0.03    0.00    0.00   56.72
Average:       0    3.28    0.00   16.33    0.12    0.00   12.93    0.00    0.00    0.00   67.33
Average:       1    3.88    0.00   14.68    0.06    0.00   13.89    0.06    0.00    0.00   67.43
Average:       2    3.82    0.00   15.71    0.00    0.00   12.80    0.06    0.00    0.00   67.62
Average:       3    1.60    0.00    8.88    0.00    0.00   71.47    0.00    0.00    0.00   18.05

Average:     CPU    %usr   %nice    %sys %iowait    %irq   %soft  %steal  %guest  %gnice   %idle
Average:     all    5.62    0.00   12.58    0.05    0.00   21.68    0.05    0.00    0.00   60.03
Average:       0   13.27    0.00   11.80    0.06    0.00   11.10    0.06    0.00    0.00   63.71
Average:       1    2.99    0.00   13.66    0.12    0.00   14.54    0.06    0.00    0.00   68.64
Average:       2    3.51    0.00   13.88    0.00    0.00   12.81    0.06    0.00    0.00   69.74
Average:       3    1.76    0.00   10.50    0.00    0.00   56.25    0.00    0.00    0.00   31.49

Average:     CPU    %usr   %nice    %sys %iowait    %irq   %soft  %steal  %guest  %gnice   %idle
Average:     all    2.73    0.00   13.28    0.05    0.00   23.92    0.03    0.00    0.00   59.98
Average:       0    2.67    0.00   15.12    0.06    0.00   13.10    0.06    0.00    0.00   69.00
Average:       1    2.55    0.00   14.12    0.06    0.00   14.71    0.06    0.00    0.00   68.51
Average:       2    3.73    0.00   13.35    0.06    0.00   12.45    0.00    0.00    0.00   70.41
Average:       3    1.81    0.00    9.80    0.00    0.00   63.80    0.00    0.00    0.00   24.59

Average:     CPU    %usr   %nice    %sys %iowait    %irq   %soft  %steal  %guest  %gnice   %idle
Average:     all    4.97    0.00   13.44    0.08    0.00   22.51    0.02    0.00    0.00   59.00
Average:       0    8.72    0.00   13.55    0.06    0.00   12.33    0.00    0.00    0.00   65.35
Average:       1    4.31    0.00   14.04    0.06    0.00   14.39    0.06    0.00    0.00   67.13
Average:       2    4.05    0.00   15.75    0.18    0.00   12.46    0.00    0.00    0.00   67.57
Average:       3    2.16    0.00    9.59    0.00    0.00   58.59    0.00    0.00    0.00   29.67

Average:     CPU    %usr   %nice    %sys %iowait    %irq   %soft  %steal  %guest  %gnice   %idle
Average:     all    4.99    0.00   13.29    0.15    0.00   22.40    0.05    0.00    0.00   59.12
Average:       0    4.30    0.00   14.02    0.00    0.00   14.08    0.06    0.00    0.00   67.54
Average:       1    6.10    0.00   14.05    0.12    0.00   14.00    0.00    0.00    0.00   65.74
Average:       2    5.39    0.00   14.37    0.41    0.00   12.22    0.06    0.00    0.00   67.56
Average:       3    3.94    0.00   10.07    0.07    0.00   56.20    0.07    0.00    0.00   29.64

Average:     CPU    %usr   %nice    %sys %iowait    %irq   %soft  %steal  %guest  %gnice   %idle
Average:     all    2.95    0.00   12.07    0.09    0.00   20.85    0.02    0.00    0.00   64.02
Average:       0    3.48    0.00   13.44    0.00    0.00   11.43    0.06    0.00    0.00   71.60
Average:       1    2.65    0.00   12.82    0.12    0.00   13.52    0.00    0.00    0.00   70.90
Average:       2    3.09    0.00   13.50    0.18    0.00   10.94    0.00    0.00    0.00   72.29
Average:       3    2.46    0.00    7.47    0.08    0.00   55.58    0.00    0.00    0.00   34.41

Average:     CPU    %usr   %nice    %sys %iowait    %irq   %soft  %steal  %guest  %gnice   %idle
Average:     all    3.20    0.00   12.30    0.05    0.00   21.82    0.02    0.00    0.00   62.62
Average:       0    3.55    0.00   13.51    0.00    0.00   12.62    0.00    0.00    0.00   70.32
Average:       1    3.32    0.00   13.26    0.06    0.00   13.32    0.00    0.00    0.00   70.04
Average:       2    3.71    0.00   12.46    0.12    0.00   12.22    0.06    0.00    0.00   71.42
Average:       3    1.93    0.00    9.25    0.00    0.00   57.21    0.00    0.00    0.00   31.61

Average:     CPU    %usr   %nice    %sys %iowait    %irq   %soft  %steal  %guest  %gnice   %idle
Average:     all    3.23    0.00   13.70    0.05    0.00   25.00    0.02    0.00    0.00   58.01
Average:       0    3.73    0.00   14.40    0.00    0.00   13.25    0.00    0.00    0.00   68.61
Average:       1    3.85    0.00   14.34    0.06    0.00   14.58    0.06    0.00    0.00   67.10
Average:       2    3.08    0.00   15.68    0.12    0.00   13.99    0.00    0.00    0.00   67.13
Average:       3    1.98    0.00    9.50    0.00    0.00   67.02    0.00    0.00    0.00   21.50

Average:     CPU    %usr   %nice    %sys %iowait    %irq   %soft  %steal  %guest  %gnice   %idle
Average:     all    6.21    0.00   13.38    0.08    0.00   23.46    0.02    0.00    0.00   56.85
Average:       0    3.84    0.00   14.42    0.00    0.00   15.72    0.06    0.00    0.00   65.96
Average:       1   13.93    0.00   13.76    0.00    0.00   12.17    0.00    0.00    0.00   60.14
Average:       2    3.46    0.00   14.73    0.24    0.00   14.85    0.00    0.00    0.00   66.73
Average:       3    2.76    0.00    9.82    0.08    0.00   59.32    0.00    0.00    0.00   28.01

Average:     CPU    %usr   %nice    %sys %iowait    %irq   %soft  %steal  %guest  %gnice   %idle
Average:     all    4.85    0.02   14.20    0.11    0.00   25.55    0.00    0.00    0.00   55.28
Average:       0    5.62    0.06   16.09    0.12    0.00   13.60    0.00    0.00    0.00   64.52
Average:       1    5.44    0.00   14.66    0.12    0.00   14.89    0.00    0.00    0.00   64.89
Average:       2    4.73    0.00   15.79    0.12    0.00   13.72    0.00    0.00    0.00   65.64
Average:       3    3.32    0.00    9.39    0.07    0.00   67.63    0.00    0.00    0.00   19.58

Average:     CPU    %usr   %nice    %sys %iowait    %irq   %soft  %steal  %guest  %gnice   %idle
Average:     all    6.31    0.00   13.34    0.17    0.00   21.10    0.05    0.00    0.00   59.04
Average:       0    5.68    0.00   14.84    0.35    0.00   12.29    0.06    0.00    0.00   66.78
Average:       1   10.41    0.00   13.74    0.12    0.00   12.31    0.06    0.00    0.00   63.37
Average:       2    4.74    0.00   13.68    0.12    0.00   12.40    0.06    0.00    0.00   69.01
Average:       3    3.77    0.00   10.40    0.08    0.00   55.31    0.00    0.00    0.00   30.44



Numbers grid:
548 512 537 671 598 543 563 632 604 618 655 643 663 616 651 666 534 643 595 611
607 568 570 599 538 575 538 595 595 655 530 543 576 563 548 542 574 555 558 659
616 612 640 581 611 608 587 596 534 584 572 554 579 682 592 561 612 531 574 614
580 608 582 601 606 601 596 582 549 632 564 639 610 681 641 650 624 604 660 612
615 575 574 566 575 585 591 579 622 637 615 639 604 612 629 585 595 609 582 604
568 602 578 564 537 589 585 581 590 585 555 594 567 589 537 616 581 556 555 634
609 630 651 645 645 632 581 624 602 688 588 601 615 541 593 625 603 641 606 636
604 582 653 650 560 613 576 582 588 618 659 599 560 700 585 508 559 530 503 472
Core 0 idle: 
70.66
62.73
64.40
68.35
72.45
66.59
70.95
65.51
67.60
67.33
63.71
69.00
65.35
67.54
71.60
70.32
68.61
65.96
64.52
66.78
Core 0 soft: 
11.81
13.73
12.46
13.39
10.54
14.86
11.49
13.64
12.54
12.93
11.10
13.10
12.33
14.08
11.43
12.62
13.25
15.72
13.60
12.29
Core 0 sys: 
13.19
15.48
16.16
15.07
13.66
14.39
14.58
15.36
14.12
16.33
11.80
15.12
13.55
14.02
13.44
13.51
14.40
14.42
16.09
14.84
Core 0 usr: 
4.28
7.93
6.81
3.13
3.30
4.04
2.92
5.32
5.68
3.28
13.27
2.67
8.72
4.30
3.48
3.55
3.73
3.84
5.62
5.68
Core 1 idle: 
69.33
61.88
63.76
67.98
70.18
65.51
68.90
63.88
67.78
67.43
68.64
68.51
67.13
65.74
70.90
70.04
67.10
60.14
64.89
63.37
Core 1 soft: 
14.09
14.78
14.34
13.78
12.44
16.54
12.78
14.23
12.69
13.89
14.54
14.71
14.39
14.00
13.52
13.32
14.58
12.17
14.89
12.31
Core 1 sys: 
13.50
14.60
14.45
14.42
13.88
14.41
14.90
15.69
13.80
14.68
13.66
14.12
14.04
14.05
12.82
13.26
14.34
13.76
14.66
13.74
Core 1 usr: 
3.02
8.61
7.23
3.76
3.38
3.43
3.42
6.09
5.67
3.88
2.99
2.55
4.31
6.10
2.65
3.32
3.85
13.93
5.44
10.41
Core 2 idle: 
70.43
65.50
65.44
64.49
73.93
69.55
73.06
67.18
68.83
67.62
69.74
70.41
67.57
67.56
72.29
71.42
67.13
66.73
65.64
69.01
Core 2 soft: 
12.00
14.81
14.44
8.73
9.59
12.01
10.88
12.41
11.35
12.80
12.81
12.45
12.46
12.22
10.94
12.22
13.99
14.85
13.72
12.40
Core 2 sys: 
13.90
15.68
15.96
12.75
13.30
13.33
13.41
14.88
13.81
15.71
13.88
13.35
15.75
14.37
13.50
12.46
15.68
14.73
15.79
13.68
Core 2 usr: 
3.55
3.95
3.98
13.80
3.06
5.05
2.53
5.35
5.39
3.82
3.51
3.73
4.05
5.39
3.09
3.71
3.08
3.46
4.73
4.74
Core 3 idle: 
28.33
23.19
24.82
30.78
36.31
23.80
29.63
23.76
30.80
18.05
31.49
24.59
29.67
29.64
34.41
31.61
21.50
28.01
19.58
30.44
Core 3 soft: 
58.79
63.65
63.02
57.07
53.40
62.08
58.87
62.94
56.89
71.47
56.25
63.80
58.59
56.20
55.58
57.21
67.02
59.32
67.63
55.31
Core 3 sys: 
10.61
9.05
9.48
9.12
8.39
7.76
9.49
9.16
8.40
8.88
10.50
9.80
9.59
10.07
7.47
9.25
9.50
9.82
9.39
10.40
Core 3 usr: 
2.20
4.03
2.68
2.96
1.90
6.28
2.01
4.07
3.76
1.60
1.76
1.81
2.16
3.94
2.46
1.93
1.98
2.76
3.32
3.77
