Running experiment 1...
Experiment 1 completed.
285
254
344
340
292
282
265
276
301
282
345
261
294
359
273
327
Running experiment 2...
Experiment 2 completed.
269
283
296
301
297
276
305
315
327
280
316
295
287
281
269
304
Running experiment 3...
Experiment 3 completed.
271
351
308
333
291
312
283
349
339
305
294
276
314
310
323
299
Running experiment 4...
Experiment 4 completed.
322
278
289
339
337
273
314
285
378
305
264
281
285
321
278
322
Running experiment 5...
Experiment 5 completed.
289
283
250
251
261
243
253
252
267
298
245
318
241
270
265
289
Running experiment 6...
Experiment 6 completed.
257
304
259
272
322
277
279
262
278
268
267
293
263
293
306
286
Running experiment 7...
Experiment 7 completed.
292
308
288
285
268
257
265
262
297
272
316
282
292
266
276
320
Running experiment 8...
Experiment 8 completed.
299
281
261
293
275
291
282
296
287
285
323
279
271
328
267
316
Running experiment 9...
Experiment 9 completed.
304
267
285
313
286
298
262
285
280
272
329
304
267
279
319
296
Running experiment 10...
Experiment 10 completed.
275
269
242
325
387
299
262
316
276
256
309
345
279
268
264
304
Running experiment 11...
Experiment 11 completed.
245
261
309
263
306
285
371
284
238
286
309
237
280
267
274
252
Running experiment 12...
Experiment 12 completed.
298
275
286
273
246
258
263
293
253
274
270
255
324
403
244
262
Running experiment 13...
Experiment 13 completed.
269
300
278
289
261
295
329
252
253
294
252
297
293
285
268
278
Running experiment 14...
Experiment 14 completed.
261
261
311
318
263
323
296
268
274
287
283
299
291
254
254
276
Running experiment 15...
Experiment 15 completed.
274
266
261
283
283
250
332
271
250
262
256
264
291
317
291
307
Running experiment 16...
Experiment 16 completed.
267
332
285
298
282
301
293
272
310
327
276
269
256
308
272
287
Running experiment 17...
Experiment 17 completed.
310
279
267
290
281
291
288
324
310
328
298
290
270
276
318
281
Running experiment 18...
Experiment 18 completed.
307
328
298
279
276
319
300
315
314
302
321
300
296
341
332
330
Running experiment 19...
Experiment 19 completed.
360
280
294
307
304
339
296
341
304
304
242
286
376
289
316
272
Running experiment 20...
Experiment 20 completed.
321
348
291
346
285
296
307
300
254
354
391
244
281
284
273
294
Average:     CPU    %usr   %nice    %sys %iowait    %irq   %soft  %steal  %guest  %gnice   %idle
Average:     all    4.43    0.03   17.08    0.06    0.00   28.53    0.06    0.00    0.00   49.80
Average:       0    4.41    0.12   19.68    0.06    0.00   18.33    0.12    0.00    0.00   57.29
Average:       1    5.32    0.00   19.42    0.12    0.00   18.95    0.06    0.00    0.00   56.14
Average:       2    4.83    0.00   17.64    0.06    0.00   18.92    0.06    0.00    0.00   58.50
Average:       3    2.94    0.00   10.67    0.00    0.00   62.93    0.00    0.00    0.00   23.46

Average:     CPU    %usr   %nice    %sys %iowait    %irq   %soft  %steal  %guest  %gnice   %idle
Average:     all    4.56    0.00   16.57    0.08    0.00   30.86    0.08    0.00    0.00   47.85
Average:       0    5.31    0.00   18.15    0.12    0.00   20.06    0.06    0.00    0.00   56.30
Average:       1    4.92    0.00   18.54    0.18    0.00   18.78    0.12    0.00    0.00   57.47
Average:       2    5.58    0.00   18.35    0.00    0.00   21.16    0.06    0.00    0.00   54.86
Average:       3    2.20    0.00   10.67    0.00    0.00   67.13    0.07    0.00    0.00   19.93

Average:     CPU    %usr   %nice    %sys %iowait    %irq   %soft  %steal  %guest  %gnice   %idle
Average:     all    4.13    0.00   16.01    0.08    0.00   30.48    0.10    0.00    0.00   49.21
Average:       0    4.93    0.00   17.78    0.12    0.00   19.09    0.12    0.00    0.00   57.95
Average:       1    5.05    0.00   17.71    0.12    0.00   18.89    0.12    0.00    0.00   58.10
Average:       2    4.14    0.00   17.95    0.00    0.00   21.22    0.06    0.00    0.00   56.62
Average:       3    2.14    0.00    9.83    0.07    0.00   67.24    0.07    0.00    0.00   20.66

Average:     CPU    %usr   %nice    %sys %iowait    %irq   %soft  %steal  %guest  %gnice   %idle
Average:     all    3.66    0.00   15.83    0.05    0.00   30.14    0.09    0.00    0.00   50.23
Average:       0    4.28    0.00   19.16    0.06    0.00   20.30    0.12    0.00    0.00   56.08
Average:       1    4.35    0.00   18.29    0.00    0.00   19.73    0.12    0.00    0.00   57.51
Average:       2    3.91    0.00   15.99    0.12    0.00   20.54    0.06    0.00    0.00   59.39
Average:       3    1.88    0.00    8.96    0.00    0.00   64.91    0.07    0.00    0.00   24.18

Average:     CPU    %usr   %nice    %sys %iowait    %irq   %soft  %steal  %guest  %gnice   %idle
Average:     all    3.46    0.00   13.97    0.06    0.00   25.23    0.06    0.00    0.00   57.22
Average:       0    3.57    0.00   14.34    0.00    0.00   17.01    0.12    0.00    0.00   64.96
Average:       1    3.75    0.00   14.83    0.00    0.00   16.26    0.06    0.00    0.00   65.10
Average:       2    4.03    0.00   15.71    0.18    0.00   17.22    0.00    0.00    0.00   62.85
Average:       3    2.31    0.00   10.50    0.07    0.00   54.76    0.07    0.00    0.00   32.28

Average:     CPU    %usr   %nice    %sys %iowait    %irq   %soft  %steal  %guest  %gnice   %idle
Average:     all    5.35    0.00   15.55    0.09    0.00   29.38    0.08    0.00    0.00   49.56
Average:       0    6.71    0.00   17.21    0.12    0.00   19.02    0.12    0.00    0.00   56.83
Average:       1    5.98    0.00   17.19    0.12    0.00   18.41    0.12    0.00    0.00   58.19
Average:       2    4.80    0.00   17.15    0.12    0.00   23.01    0.00    0.00    0.00   54.92
Average:       3    3.70    0.00    9.97    0.00    0.00   60.77    0.07    0.00    0.00   25.50

Average:     CPU    %usr   %nice    %sys %iowait    %irq   %soft  %steal  %guest  %gnice   %idle
Average:     all    8.53    0.00   16.34    0.19    0.00   30.63    0.06    0.00    0.00   44.25
Average:       0    9.44    0.00   18.71    0.29    0.00   19.29    0.06    0.00    0.00   52.20
Average:       1   13.30    0.00   17.87    0.29    0.00   17.64    0.06    0.00    0.00   50.86
Average:       2    6.71    0.00   19.01    0.12    0.00   22.07    0.06    0.00    0.00   52.03
Average:       3    4.16    0.00    9.09    0.06    0.00   67.03    0.06    0.00    0.00   19.59

Average:     CPU    %usr   %nice    %sys %iowait    %irq   %soft  %steal  %guest  %gnice   %idle
Average:     all    5.75    0.00   17.02    0.14    0.00   29.95    0.06    0.00    0.00   47.08
Average:       0    7.29    0.00   18.96    0.30    0.00   18.07    0.06    0.00    0.00   55.33
Average:       1    6.79    0.00   19.37    0.12    0.00   18.08    0.12    0.00    0.00   55.53
Average:       2    5.70    0.00   19.36    0.12    0.00   20.49    0.00    0.00    0.00   54.33
Average:       3    2.92    0.00    9.56    0.00    0.00   67.33    0.07    0.00    0.00   20.12

Average:     CPU    %usr   %nice    %sys %iowait    %irq   %soft  %steal  %guest  %gnice   %idle
Average:     all    4.77    0.00   16.69    0.06    0.00   30.14    0.06    0.00    0.00   48.27
Average:       0    4.00    0.00   18.82    0.00    0.00   19.59    0.06    0.00    0.00   57.53
Average:       1    4.47    0.00   18.59    0.12    0.00   19.19    0.06    0.00    0.00   57.57
Average:       2    8.08    0.00   18.89    0.12    0.00   18.65    0.06    0.00    0.00   54.19
Average:       3    2.27    0.00    9.55    0.00    0.00   67.90    0.07    0.00    0.00   20.21

Average:     CPU    %usr   %nice    %sys %iowait    %irq   %soft  %steal  %guest  %gnice   %idle
Average:     all    3.89    0.00   16.90    0.03    0.00   29.28    0.06    0.00    0.00   49.84
Average:       0    4.06    0.00   19.43    0.00    0.00   18.02    0.12    0.00    0.00   58.36
Average:       1    4.39    0.00   18.45    0.00    0.00   18.39    0.12    0.00    0.00   58.64
Average:       2    4.33    0.00   18.73    0.12    0.00   19.92    0.00    0.00    0.00   56.91
Average:       3    2.58    0.00    9.90    0.00    0.00   66.55    0.00    0.00    0.00   20.98

Average:     CPU    %usr   %nice    %sys %iowait    %irq   %soft  %steal  %guest  %gnice   %idle
Average:     all    4.42    0.00   13.83    0.06    0.00   25.60    0.06    0.00    0.00   56.03
Average:       0    5.55    0.00   15.00    0.12    0.00   16.30    0.06    0.00    0.00   62.97
Average:       1    4.81    0.00   14.66    0.06    0.00   15.56    0.06    0.00    0.00   64.84
Average:       2    4.72    0.00   15.28    0.06    0.00   16.96    0.06    0.00    0.00   62.93
Average:       3    2.23    0.00    9.64    0.00    0.00   59.35    0.07    0.00    0.00   28.71

Average:     CPU    %usr   %nice    %sys %iowait    %irq   %soft  %steal  %guest  %gnice   %idle
Average:     all    4.10    0.00   15.34    0.08    0.00   28.78    0.03    0.00    0.00   51.67
Average:       0    4.62    0.00   16.42    0.06    0.00   19.05    0.06    0.00    0.00   59.79
Average:       1    5.31    0.00   16.59    0.06    0.00   17.53    0.06    0.00    0.00   60.45
Average:       2    3.94    0.00   17.20    0.12    0.00   20.37    0.00    0.00    0.00   58.36
Average:       3    2.23    0.00   10.38    0.07    0.00   63.48    0.00    0.00    0.00   23.83

Average:     CPU    %usr   %nice    %sys %iowait    %irq   %soft  %steal  %guest  %gnice   %idle
Average:     all    6.01    0.00   16.06    0.15    0.00   28.57    0.05    0.00    0.00   49.16
Average:       0    6.30    0.00   18.26    0.18    0.00   17.31    0.06    0.00    0.00   57.89
Average:       1    7.34    0.00   17.39    0.18    0.00   17.51    0.06    0.00    0.00   57.52
Average:       2    6.18    0.00   17.49    0.24    0.00   20.73    0.06    0.00    0.00   55.30
Average:       3    3.94    0.00   10.33    0.00    0.00   63.43    0.00    0.00    0.00   22.30

Average:     CPU    %usr   %nice    %sys %iowait    %irq   %soft  %steal  %guest  %gnice   %idle
Average:     all    7.97    0.00   16.60    0.19    0.00   30.16    0.06    0.00    0.00   45.01
Average:       0    9.30    0.00   19.33    0.12    0.00   18.41    0.06    0.00    0.00   52.78
Average:       1    8.55    0.00   18.46    0.19    0.00   19.33    0.06    0.00    0.00   53.41
Average:       2    8.21    0.00   17.95    0.37    0.00   21.75    0.06    0.00    0.00   51.65
Average:       3    5.63    0.00   10.13    0.07    0.00   63.98    0.07    0.00    0.00   20.12

Average:     CPU    %usr   %nice    %sys %iowait    %irq   %soft  %steal  %guest  %gnice   %idle
Average:     all    6.72    0.00   17.52    0.14    0.00   31.32    0.11    0.00    0.00   44.20
Average:       0    7.97    0.00   20.05    0.12    0.00   19.70    0.12    0.00    0.00   52.05
Average:       1    8.41    0.00   18.29    0.29    0.00   19.71    0.12    0.00    0.00   53.18
Average:       2    6.25    0.00   20.75    0.12    0.00   22.35    0.12    0.00    0.00   50.41
Average:       3    3.97    0.00   10.29    0.00    0.00   66.99    0.07    0.00    0.00   18.68

Average:     CPU    %usr   %nice    %sys %iowait    %irq   %soft  %steal  %guest  %gnice   %idle
Average:     all    4.53    0.00   16.25    0.05    0.00   31.10    0.09    0.00    0.00   47.97
Average:       0    5.78    0.00   18.01    0.06    0.00   19.86    0.12    0.00    0.00   56.17
Average:       1    5.45    0.00   18.98    0.06    0.00   19.04    0.12    0.00    0.00   56.35
Average:       2    4.30    0.00   17.64    0.06    0.00   22.61    0.06    0.00    0.00   55.33
Average:       3    2.34    0.00    9.71    0.00    0.00   66.60    0.07    0.00    0.00   21.29

Average:     CPU    %usr   %nice    %sys %iowait    %irq   %soft  %steal  %guest  %gnice   %idle
Average:     all    4.03    0.00   17.02    0.05    0.00   30.01    0.06    0.00    0.00   48.83
Average:       0    3.74    0.00   19.82    0.12    0.00   21.72    0.12    0.00    0.00   54.48
Average:       1    4.75    0.00   20.09    0.00    0.00   20.97    0.06    0.00    0.00   54.13
Average:       2    5.08    0.00   17.28    0.00    0.00   19.32    0.06    0.00    0.00   58.26
Average:       3    2.29    0.00    9.78    0.07    0.00   63.11    0.00    0.00    0.00   24.76

Average:     CPU    %usr   %nice    %sys %iowait    %irq   %soft  %steal  %guest  %gnice   %idle
Average:     all    4.14    0.00   16.84    0.05    0.00   32.27    0.03    0.00    0.00   46.67
Average:       0    5.06    0.00   18.76    0.12    0.00   20.29    0.06    0.00    0.00   55.71
Average:       1    5.24    0.00   18.76    0.00    0.00   18.64    0.06    0.00    0.00   57.30
Average:       2    4.37    0.00   19.70    0.06    0.00   22.99    0.00    0.00    0.00   52.87
Average:       3    1.64    0.00    9.41    0.00    0.00   70.92    0.00    0.00    0.00   18.03

Average:     CPU    %usr   %nice    %sys %iowait    %irq   %soft  %steal  %guest  %gnice   %idle
Average:     all    4.13    0.00   16.52    0.03    0.00   30.35    0.08    0.00    0.00   48.89
Average:       0    5.01    0.00   18.85    0.06    0.00   18.73    0.12    0.00    0.00   57.24
Average:       1    4.93    0.00   18.18    0.00    0.00   19.53    0.06    0.00    0.00   57.30
Average:       2    4.19    0.00   18.78    0.06    0.00   20.39    0.06    0.00    0.00   56.52
Average:       3    2.15    0.00    9.46    0.00    0.00   67.14    0.07    0.00    0.00   21.19

Average:     CPU    %usr   %nice    %sys %iowait    %irq   %soft  %steal  %guest  %gnice   %idle
Average:     all    5.25    0.00   17.34    0.06    0.00   32.19    0.05    0.00    0.00   45.11
Average:       0    5.93    0.00   20.01    0.06    0.00   19.70    0.06    0.00    0.00   54.23
Average:       1    7.35    0.00   18.83    0.00    0.00   20.19    0.06    0.00    0.00   53.58
Average:       2    4.79    0.00   19.71    0.19    0.00   22.73    0.00    0.00    0.00   52.58
Average:       3    2.67    0.00   10.15    0.00    0.00   69.68    0.07    0.00    0.00   17.42



Numbers grid:
285 254 344 340 292 282 265 276 301 282 345 261 294 359 273 327 269 283 296 301
297 276 305 315 327 280 316 295 287 281 269 304 271 351 308 333 291 312 283 349
339 305 294 276 314 310 323 299 322 278 289 339 337 273 314 285 378 305 264 281
285 321 278 322 289 283 250 251 261 243 253 252 267 298 245 318 241 270 265 289
257 304 259 272 322 277 279 262 278 268 267 293 263 293 306 286 292 308 288 285
268 257 265 262 297 272 316 282 292 266 276 320 299 281 261 293 275 291 282 296
287 285 323 279 271 328 267 316 304 267 285 313 286 298 262 285 280 272 329 304
267 279 319 296 275 269 242 325 387 299 262 316 276 256 309 345 279 268 264 304
245 261 309 263 306 285 371 284 238 286 309 237 280 267 274 252 298 275 286 273
246 258 263 293 253 274 270 255 324 403 244 262 269 300 278 289 261 295 329 252
253 294 252 297 293 285 268 278 261 261 311 318 263 323 296 268 274 287 283 299
291 254 254 276 274 266 261 283 283 250 332 271 250 262 256 264 291 317 291 307
267 332 285 298 282 301 293 272 310 327 276 269 256 308 272 287 310 279 267 290
281 291 288 324 310 328 298 290 270 276 318 281 307 328 298 279 276 319 300 315
314 302 321 300 296 341 332 330 360 280 294 307 304 339 296 341 304 304 242 286
376 289 316 272 321 348 291 346 285 296 307 300 254 354 391 244 281 284 273 294
Core 0 idle: 
57.29
56.30
57.95
56.08
64.96
56.83
52.20
55.33
57.53
58.36
62.97
59.79
57.89
52.78
52.05
56.17
54.48
55.71
57.24
54.23
Core 0 soft: 
18.33
20.06
19.09
20.30
17.01
19.02
19.29
18.07
19.59
18.02
16.30
19.05
17.31
18.41
19.70
19.86
21.72
20.29
18.73
19.70
Core 0 sys: 
19.68
18.15
17.78
19.16
14.34
17.21
18.71
18.96
18.82
19.43
15.00
16.42
18.26
19.33
20.05
18.01
19.82
18.76
18.85
20.01
Core 0 usr: 
4.41
5.31
4.93
4.28
3.57
6.71
9.44
7.29
4.00
4.06
5.55
4.62
6.30
9.30
7.97
5.78
3.74
5.06
5.01
5.93
Core 1 idle: 
56.14
57.47
58.10
57.51
65.10
58.19
50.86
55.53
57.57
58.64
64.84
60.45
57.52
53.41
53.18
56.35
54.13
57.30
57.30
53.58
Core 1 soft: 
18.95
18.78
18.89
19.73
16.26
18.41
17.64
18.08
19.19
18.39
15.56
17.53
17.51
19.33
19.71
19.04
20.97
18.64
19.53
20.19
Core 1 sys: 
19.42
18.54
17.71
18.29
14.83
17.19
17.87
19.37
18.59
18.45
14.66
16.59
17.39
18.46
18.29
18.98
20.09
18.76
18.18
18.83
Core 1 usr: 
5.32
4.92
5.05
4.35
3.75
5.98
13.30
6.79
4.47
4.39
4.81
5.31
7.34
8.55
8.41
5.45
4.75
5.24
4.93
7.35
Core 2 idle: 
58.50
54.86
56.62
59.39
62.85
54.92
52.03
54.33
54.19
56.91
62.93
58.36
55.30
51.65
50.41
55.33
58.26
52.87
56.52
52.58
Core 2 soft: 
18.92
21.16
21.22
20.54
17.22
23.01
22.07
20.49
18.65
19.92
16.96
20.37
20.73
21.75
22.35
22.61
19.32
22.99
20.39
22.73
Core 2 sys: 
17.64
18.35
17.95
15.99
15.71
17.15
19.01
19.36
18.89
18.73
15.28
17.20
17.49
17.95
20.75
17.64
17.28
19.70
18.78
19.71
Core 2 usr: 
4.83
5.58
4.14
3.91
4.03
4.80
6.71
5.70
8.08
4.33
4.72
3.94
6.18
8.21
6.25
4.30
5.08
4.37
4.19
4.79
Core 3 idle: 
23.46
19.93
20.66
24.18
32.28
25.50
19.59
20.12
20.21
20.98
28.71
23.83
22.30
20.12
18.68
21.29
24.76
18.03
21.19
17.42
Core 3 soft: 
62.93
67.13
67.24
64.91
54.76
60.77
67.03
67.33
67.90
66.55
59.35
63.48
63.43
63.98
66.99
66.60
63.11
70.92
67.14
69.68
Core 3 sys: 
10.67
10.67
9.83
8.96
10.50
9.97
9.09
9.56
9.55
9.90
9.64
10.38
10.33
10.13
10.29
9.71
9.78
9.41
9.46
10.15
Core 3 usr: 
2.94
2.20
2.14
1.88
2.31
3.70
4.16
2.92
2.27
2.58
2.23
2.23
3.94
5.63
3.97
2.34
2.29
1.64
2.15
2.67
