Running experiment 1...
Experiment 1 completed.
255
298
285
251
229
279
247
275
241
240
239
258
228
279
271
288
Running experiment 2...
Experiment 2 completed.
306
278
257
312
291
233
263
229
285
288
251
288
251
288
242
241
Running experiment 3...
Experiment 3 completed.
309
277
253
240
243
256
291
260
252
263
303
260
277
282
277
315
Running experiment 4...
Experiment 4 completed.
253
277
297
253
307
259
296
273
268
287
278
262
252
246
250
327
Running experiment 5...
Experiment 5 completed.
262
268
242
294
289
242
259
307
302
243
286
254
294
257
257
302
Running experiment 6...
Experiment 6 completed.
273
247
276
312
265
263
319
283
299
271
284
310
295
245
253
288
Running experiment 7...
Experiment 7 completed.
263
254
233
230
238
269
392
276
289
298
281
249
254
274
248
275
Running experiment 8...
Experiment 8 completed.
258
291
287
240
321
289
253
306
313
332
305
292
255
254
310
254
Running experiment 9...
Experiment 9 completed.
263
262
274
307
287
267
276
270
300
257
276
314
286
299
259
241
Running experiment 10...
Experiment 10 completed.
321
302
270
330
343
304
315
368
298
333
286
288
371
281
338
284
Running experiment 11...
Experiment 11 completed.
227
234
233
246
252
209
241
263
211
208
230
446
462
210
220
243
Running experiment 12...
Experiment 12 completed.
262
229
229
260
244
299
337
250
236
228
278
262
251
245
245
281
Running experiment 13...
Experiment 13 completed.
273
312
314
254
267
350
254
244
394
286
289
263
271
288
254
313
Running experiment 14...
Experiment 14 completed.
325
315
317
296
305
305
336
318
297
350
317
332
292
313
248
270
Running experiment 15...
Experiment 15 completed.
322
287
272
280
279
259
271
338
322
277
279
252
279
241
263
289
Running experiment 16...
Experiment 16 completed.
285
285
289
301
299
310
262
304
271
291
291
320
348
331
273
337
Running experiment 17...
Experiment 17 completed.
319
247
257
277
272
325
310
322
326
398
344
249
269
367
292
306
Running experiment 18...
Experiment 18 completed.
247
252
300
276
263
314
283
247
248
241
329
248
255
300
254
247
Running experiment 19...
Experiment 19 completed.
272
248
300
277
243
297
264
297
252
266
283
272
293
297
233
294
Running experiment 20...
Experiment 20 completed.
277
300
244
278
273
263
251
280
309
240
295
257
258
234
234
251
Average:     CPU    %usr   %nice    %sys %iowait    %irq   %soft  %steal  %guest  %gnice   %idle
Average:     all    3.77    0.00   14.87    0.00    0.00   27.92    0.06    0.00    0.00   53.37
Average:       0    4.61    0.00   14.83    0.00    0.00   13.43    0.12    0.00    0.00   67.02
Average:       1    5.16    0.00   13.69    0.00    0.00   14.15    0.06    0.00    0.00   66.94
Average:       2    3.60    0.00   19.20    0.00    0.00   19.66    0.06    0.00    0.00   57.48
Average:       3    1.53    0.00   11.47    0.00    0.00   67.94    0.00    0.00    0.00   19.06

Average:     CPU    %usr   %nice    %sys %iowait    %irq   %soft  %steal  %guest  %gnice   %idle
Average:     all    3.72    0.00   15.08    0.03    0.00   28.10    0.05    0.00    0.00   53.03
Average:       0    4.74    0.00   15.14    0.00    0.00   17.75    0.06    0.00    0.00   62.31
Average:       1    4.95    0.00   15.92    0.00    0.00   14.98    0.06    0.00    0.00   64.09
Average:       2    3.50    0.00   17.81    0.12    0.00   18.42    0.06    0.00    0.00   60.08
Average:       3    1.41    0.00   11.02    0.00    0.00   65.26    0.00    0.00    0.00   22.31

Average:     CPU    %usr   %nice    %sys %iowait    %irq   %soft  %steal  %guest  %gnice   %idle
Average:     all    3.80    0.00   15.89    0.02    0.00   27.54    0.05    0.00    0.00   52.71
Average:       0    4.13    0.00   18.47    0.00    0.00   20.60    0.07    0.00    0.00   56.73
Average:       1    4.19    0.00   17.96    0.00    0.00   17.40    0.06    0.00    0.00   60.39
Average:       2    3.98    0.00   15.79    0.06    0.00   16.23    0.06    0.00    0.00   63.87
Average:       3    2.76    0.00   10.65    0.00    0.00   60.69    0.00    0.00    0.00   25.91

Average:     CPU    %usr   %nice    %sys %iowait    %irq   %soft  %steal  %guest  %gnice   %idle
Average:     all    3.96    0.00   15.14    0.08    0.00   25.44    0.06    0.00    0.00   55.32
Average:       0    4.63    0.00   15.81    0.12    0.00   17.98    0.06    0.00    0.00   61.40
Average:       1    4.59    0.00   15.66    0.12    0.00   16.62    0.06    0.00    0.00   62.95
Average:       2    3.79    0.00   15.81    0.06    0.00   18.15    0.06    0.00    0.00   62.14
Average:       3    2.63    0.00   12.92    0.00    0.00   53.37    0.07    0.00    0.00   31.01

Average:     CPU    %usr   %nice    %sys %iowait    %irq   %soft  %steal  %guest  %gnice   %idle
Average:     all    3.70    0.00   14.08    0.09    0.00   26.65    0.09    0.00    0.00   55.38
Average:       0    4.40    0.00   13.48    0.12    0.00   12.54    0.12    0.00    0.00   69.34
Average:       1    5.21    0.00   12.47    0.18    0.00   16.77    0.18    0.00    0.00   65.19
Average:       2    2.66    0.00   18.50    0.06    0.00   20.61    0.00    0.00    0.00   58.17
Average:       3    2.34    0.00   11.69    0.00    0.00   61.14    0.07    0.00    0.00   24.76

Average:     CPU    %usr   %nice    %sys %iowait    %irq   %soft  %steal  %guest  %gnice   %idle
Average:     all    5.86    0.00   15.59    0.06    0.00   30.80    0.06    0.00    0.00   47.63
Average:       0    7.70    0.00   17.50    0.06    0.00   18.49    0.06    0.00    0.00   56.18
Average:       1    6.46    0.00   17.93    0.00    0.00   23.48    0.06    0.00    0.00   52.07
Average:       2    6.83    0.00   16.81    0.17    0.00   17.33    0.06    0.00    0.00   58.81
Average:       3    2.03    0.00    9.55    0.00    0.00   67.82    0.07    0.00    0.00   20.54

Average:     CPU    %usr   %nice    %sys %iowait    %irq   %soft  %steal  %guest  %gnice   %idle
Average:     all    7.67    0.00   15.94    0.16    0.00   29.74    0.04    0.00    0.00   46.44
Average:       0   10.34    0.00   17.76    0.22    0.00   18.38    0.06    0.00    0.00   53.23
Average:       1    9.75    0.00   16.60    0.23    0.00   18.92    0.06    0.00    0.00   54.45
Average:       2    6.47    0.00   18.47    0.18    0.00   23.44    0.06    0.00    0.00   51.38
Average:       3    3.58    0.00   10.42    0.00    0.00   61.57    0.00    0.00    0.00   24.42

Average:     CPU    %usr   %nice    %sys %iowait    %irq   %soft  %steal  %guest  %gnice   %idle
Average:     all    6.11    0.00   16.32    0.07    0.00   35.12    0.03    0.00    0.00   42.34
Average:       0    9.08    0.00   17.36    0.06    0.00   15.69    0.06    0.00    0.00   57.76
Average:       1    8.31    0.00   16.68    0.23    0.00   14.66    0.06    0.00    0.00   60.07
Average:       2    5.68    0.00   23.38    0.00    0.00   27.05    0.00    0.00    0.00   43.89
Average:       3    1.33    0.00    8.23    0.00    0.00   82.91    0.00    0.00    0.00    7.53

Average:     CPU    %usr   %nice    %sys %iowait    %irq   %soft  %steal  %guest  %gnice   %idle
Average:     all    4.21    0.00   17.75    0.02    0.00   31.04    0.03    0.00    0.00   46.96
Average:       0    5.53    0.00   21.09    0.00    0.00   16.42    0.06    0.00    0.00   56.90
Average:       1    4.58    0.00   21.71    0.00    0.00   28.17    0.06    0.00    0.00   45.48
Average:       2    4.23    0.00   16.51    0.06    0.00   18.26    0.00    0.00    0.00   60.94
Average:       3    2.22    0.00   10.95    0.00    0.00   65.55    0.00    0.00    0.00   21.29

Average:     CPU    %usr   %nice    %sys %iowait    %irq   %soft  %steal  %guest  %gnice   %idle
Average:     all    4.38    0.00   16.51    0.03    0.00   33.87    0.03    0.00    0.00   45.18
Average:       0    5.48    0.00   19.68    0.06    0.00   23.22    0.06    0.00    0.00   51.49
Average:       1    5.08    0.00   19.95    0.06    0.00   21.80    0.06    0.00    0.00   53.05
Average:       2    5.23    0.00   17.26    0.00    0.00   16.79    0.00    0.00    0.00   60.72
Average:       3    1.58    0.00    8.76    0.00    0.00   75.98    0.00    0.00    0.00   13.68

Average:     CPU    %usr   %nice    %sys %iowait    %irq   %soft  %steal  %guest  %gnice   %idle
Average:     all    3.10    0.00   13.33    0.03    0.00   20.76    0.06    0.00    0.00   62.72
Average:       0    4.59    0.00   12.84    0.00    0.00   12.26    0.06    0.00    0.00   70.25
Average:       1    3.29    0.00   12.52    0.00    0.00    9.86    0.11    0.00    0.00   74.22
Average:       2    2.70    0.00   15.56    0.06    0.00   17.18    0.06    0.00    0.00   64.44
Average:       3    1.50    0.00   12.32    0.07    0.00   49.15    0.00    0.00    0.00   36.97

Average:     CPU    %usr   %nice    %sys %iowait    %irq   %soft  %steal  %guest  %gnice   %idle
Average:     all    3.86    0.00   14.14    0.05    0.00   23.08    0.09    0.00    0.00   58.78
Average:       0    4.92    0.00   14.12    0.18    0.00   15.70    0.12    0.00    0.00   64.97
Average:       1    4.01    0.00   14.77    0.00    0.00   16.99    0.12    0.00    0.00   64.11
Average:       2    3.33    0.00   14.26    0.00    0.00   19.31    0.06    0.00    0.00   63.04
Average:       3    3.04    0.00   13.28    0.00    0.00   43.64    0.07    0.00    0.00   39.97

Average:     CPU    %usr   %nice    %sys %iowait    %irq   %soft  %steal  %guest  %gnice   %idle
Average:     all    3.62    0.00   14.01    0.05    0.00   26.96    0.06    0.00    0.00   55.31
Average:       0    4.63    0.00   13.54    0.12    0.00   14.19    0.06    0.00    0.00   67.47
Average:       1    4.26    0.00   12.60    0.06    0.00   15.42    0.12    0.00    0.00   67.55
Average:       2    3.01    0.00   17.77    0.00    0.00   23.37    0.00    0.00    0.00   55.84
Average:       3    2.41    0.00   11.93    0.00    0.00   58.45    0.07    0.00    0.00   27.14

Average:     CPU    %usr   %nice    %sys %iowait    %irq   %soft  %steal  %guest  %gnice   %idle
Average:     all    7.46    0.00   16.85    0.14    0.00   35.15    0.06    0.00    0.00   40.34
Average:       0    8.98    0.00   18.14    0.24    0.00   21.65    0.12    0.00    0.00   50.86
Average:       1   13.81    0.00   16.19    0.33    0.00    9.89    0.06    0.00    0.00   59.72
Average:       2    5.43    0.00   23.78    0.00    0.00   28.91    0.00    0.00    0.00   41.89
Average:       3    1.38    0.00    9.57    0.00    0.00   80.40    0.06    0.00    0.00    8.60

Average:     CPU    %usr   %nice    %sys %iowait    %irq   %soft  %steal  %guest  %gnice   %idle
Average:     all    7.65    0.00   17.90    0.19    0.00   31.60    0.06    0.00    0.00   42.60
Average:       0   11.88    0.00   18.10    0.40    0.00   16.56    0.06    0.00    0.00   53.00
Average:       1   10.52    0.00   17.25    0.28    0.00   16.29    0.11    0.00    0.00   55.54
Average:       2    5.13    0.00   23.49    0.06    0.00   27.43    0.06    0.00    0.00   43.83
Average:       3    2.58    0.00   12.61    0.00    0.00   68.76    0.00    0.00    0.00   16.05

Average:     CPU    %usr   %nice    %sys %iowait    %irq   %soft  %steal  %guest  %gnice   %idle
Average:     all    3.92    0.00   15.58    0.06    0.00   32.88    0.03    0.00    0.00   47.53
Average:       0    5.13    0.00   16.03    0.12    0.00   18.95    0.06    0.00    0.00   59.71
Average:       1    4.90    0.00   16.14    0.12    0.00   16.55    0.06    0.00    0.00   62.24
Average:       2    3.88    0.00   19.64    0.00    0.00   19.40    0.00    0.00    0.00   57.08
Average:       3    1.74    0.00   10.39    0.00    0.00   77.54    0.00    0.00    0.00   10.33

Average:     CPU    %usr   %nice    %sys %iowait    %irq   %soft  %steal  %guest  %gnice   %idle
Average:     all    3.88    0.00   14.91    0.06    0.00   32.93    0.07    0.00    0.00   48.15
Average:       0    5.19    0.00   12.57    0.06    0.00   11.56    0.12    0.00    0.00   70.50
Average:       1    4.24    0.00   12.66    0.17    0.00   10.02    0.11    0.00    0.00   72.79
Average:       2    4.75    0.00   24.85    0.00    0.00   27.34    0.06    0.00    0.00   43.00
Average:       3    1.43    0.00   10.08    0.00    0.00   81.84    0.00    0.00    0.00    6.64

Average:     CPU    %usr   %nice    %sys %iowait    %irq   %soft  %steal  %guest  %gnice   %idle
Average:     all    3.39    0.00   12.99    0.08    0.00   23.52    0.06    0.00    0.00   59.97
Average:       0    4.29    0.00   10.41    0.12    0.00   12.23    0.06    0.00    0.00   72.90
Average:       1    3.74    0.00   11.00    0.11    0.00   10.66    0.11    0.00    0.00   74.38
Average:       2    3.40    0.00   18.34    0.00    0.00   17.93    0.00    0.00    0.00   60.34
Average:       3    1.91    0.00   12.14    0.07    0.00   58.59    0.07    0.00    0.00   27.22

Average:     CPU    %usr   %nice    %sys %iowait    %irq   %soft  %steal  %guest  %gnice   %idle
Average:     all    3.81    0.00   14.41    0.08    0.00   24.94    0.06    0.00    0.00   56.69
Average:       0    4.42    0.00   14.67    0.23    0.00   13.19    0.06    0.00    0.00   67.44
Average:       1    4.06    0.00   14.14    0.00    0.00   17.15    0.12    0.00    0.00   64.54
Average:       2    3.99    0.00   16.36    0.00    0.00   17.13    0.06    0.00    0.00   62.46
Average:       3    2.60    0.00   12.18    0.07    0.00   56.81    0.00    0.00    0.00   28.34

Average:     CPU    %usr   %nice    %sys %iowait    %irq   %soft  %steal  %guest  %gnice   %idle
Average:     all    3.73    0.00   13.66    0.03    0.00   26.35    0.06    0.00    0.00   56.16
Average:       0    4.67    0.00   13.78    0.00    0.00   15.49    0.12    0.00    0.00   65.94
Average:       1    4.93    0.00   14.00    0.06    0.00   17.29    0.06    0.00    0.00   63.66
Average:       2    3.29    0.00   15.99    0.06    0.00   17.13    0.00    0.00    0.00   63.53
Average:       3    1.79    0.00   10.48    0.00    0.00   59.89    0.07    0.00    0.00   27.77



Numbers grid:
255 298 285 251 229 279 247 275 241 240 239 258 228 279 271 288 306 278 257 312
291 233 263 229 285 288 251 288 251 288 242 241 309 277 253 240 243 256 291 260
252 263 303 260 277 282 277 315 253 277 297 253 307 259 296 273 268 287 278 262
252 246 250 327 262 268 242 294 289 242 259 307 302 243 286 254 294 257 257 302
273 247 276 312 265 263 319 283 299 271 284 310 295 245 253 288 263 254 233 230
238 269 392 276 289 298 281 249 254 274 248 275 258 291 287 240 321 289 253 306
313 332 305 292 255 254 310 254 263 262 274 307 287 267 276 270 300 257 276 314
286 299 259 241 321 302 270 330 343 304 315 368 298 333 286 288 371 281 338 284
227 234 233 246 252 209 241 263 211 208 230 446 462 210 220 243 262 229 229 260
244 299 337 250 236 228 278 262 251 245 245 281 273 312 314 254 267 350 254 244
394 286 289 263 271 288 254 313 325 315 317 296 305 305 336 318 297 350 317 332
292 313 248 270 322 287 272 280 279 259 271 338 322 277 279 252 279 241 263 289
285 285 289 301 299 310 262 304 271 291 291 320 348 331 273 337 319 247 257 277
272 325 310 322 326 398 344 249 269 367 292 306 247 252 300 276 263 314 283 247
248 241 329 248 255 300 254 247 272 248 300 277 243 297 264 297 252 266 283 272
293 297 233 294 277 300 244 278 273 263 251 280 309 240 295 257 258 234 234 251
Core 0 idle: 
67.02
62.31
56.73
61.40
69.34
56.18
53.23
57.76
56.90
51.49
70.25
64.97
67.47
50.86
53.00
59.71
70.50
72.90
67.44
65.94
Core 0 soft: 
13.43
17.75
20.60
17.98
12.54
18.49
18.38
15.69
16.42
23.22
12.26
15.70
14.19
21.65
16.56
18.95
11.56
12.23
13.19
15.49
Core 0 sys: 
14.83
15.14
18.47
15.81
13.48
17.50
17.76
17.36
21.09
19.68
12.84
14.12
13.54
18.14
18.10
16.03
12.57
10.41
14.67
13.78
Core 0 usr: 
4.61
4.74
4.13
4.63
4.40
7.70
10.34
9.08
5.53
5.48
4.59
4.92
4.63
8.98
11.88
5.13
5.19
4.29
4.42
4.67
Core 1 idle: 
66.94
64.09
60.39
62.95
65.19
52.07
54.45
60.07
45.48
53.05
74.22
64.11
67.55
59.72
55.54
62.24
72.79
74.38
64.54
63.66
Core 1 soft: 
14.15
14.98
17.40
16.62
16.77
23.48
18.92
14.66
28.17
21.80
9.86
16.99
15.42
9.89
16.29
16.55
10.02
10.66
17.15
17.29
Core 1 sys: 
13.69
15.92
17.96
15.66
12.47
17.93
16.60
16.68
21.71
19.95
12.52
14.77
12.60
16.19
17.25
16.14
12.66
11.00
14.14
14.00
Core 1 usr: 
5.16
4.95
4.19
4.59
5.21
6.46
9.75
8.31
4.58
5.08
3.29
4.01
4.26
13.81
10.52
4.90
4.24
3.74
4.06
4.93
Core 2 idle: 
57.48
60.08
63.87
62.14
58.17
58.81
51.38
43.89
60.94
60.72
64.44
63.04
55.84
41.89
43.83
57.08
43.00
60.34
62.46
63.53
Core 2 soft: 
19.66
18.42
16.23
18.15
20.61
17.33
23.44
27.05
18.26
16.79
17.18
19.31
23.37
28.91
27.43
19.40
27.34
17.93
17.13
17.13
Core 2 sys: 
19.20
17.81
15.79
15.81
18.50
16.81
18.47
23.38
16.51
17.26
15.56
14.26
17.77
23.78
23.49
19.64
24.85
18.34
16.36
15.99
Core 2 usr: 
3.60
3.50
3.98
3.79
2.66
6.83
6.47
5.68
4.23
5.23
2.70
3.33
3.01
5.43
5.13
3.88
4.75
3.40
3.99
3.29
Core 3 idle: 
19.06
22.31
25.91
31.01
24.76
20.54
24.42
7.53
21.29
13.68
36.97
39.97
27.14
8.60
16.05
10.33
6.64
27.22
28.34
27.77
Core 3 soft: 
67.94
65.26
60.69
53.37
61.14
67.82
61.57
82.91
65.55
75.98
49.15
43.64
58.45
80.40
68.76
77.54
81.84
58.59
56.81
59.89
Core 3 sys: 
11.47
11.02
10.65
12.92
11.69
9.55
10.42
8.23
10.95
8.76
12.32
13.28
11.93
9.57
12.61
10.39
10.08
12.14
12.18
10.48
Core 3 usr: 
1.53
1.41
2.76
2.63
2.34
2.03
3.58
1.33
2.22
1.58
1.50
3.04
2.41
1.38
2.58
1.74
1.43
1.91
2.60
1.79
