Running experiment 1...
Experiment 1 completed.
640
642
658
656
673
650
587
694
Running experiment 2...
Experiment 2 completed.
572
557
542
575
560
586
604
607
Running experiment 3...
Experiment 3 completed.
651
625
577
615
664
539
594
547
Running experiment 4...
Experiment 4 completed.
586
499
561
587
522
584
589
551
Running experiment 5...
Experiment 5 completed.
606
530
630
632
587
694
597
527
Running experiment 6...
Experiment 6 completed.
604
526
597
572
555
548
574
546
Running experiment 7...
Experiment 7 completed.
570
532
543
566
606
590
532
544
Running experiment 8...
Experiment 8 completed.
565
529
570
567
621
540
589
566
Running experiment 9...
Experiment 9 completed.
627
604
574
573
617
572
607
542
Running experiment 10...
Experiment 10 completed.
565
632
630
566
609
551
548
615
Running experiment 11...
Experiment 11 completed.
553
593
516
600
663
529
580
622
Running experiment 12...
Experiment 12 completed.
575
559
552
572
570
589
654
532
Running experiment 13...
Experiment 13 completed.
555
576
553
552
554
553
631
563
Running experiment 14...
Experiment 14 completed.
614
596
596
567
564
563
559
516
Running experiment 15...
Experiment 15 completed.
586
615
514
618
616
624
616
578
Running experiment 16...
Experiment 16 completed.
625
570
608
683
622
504
543
600
Running experiment 17...
Experiment 17 completed.
653
584
591
593
551
606
581
585
Running experiment 18...
Experiment 18 completed.
615
579
594
613
597
593
616
551
Running experiment 19...
Experiment 19 completed.
669
601
541
608
556
582
607
619
Running experiment 20...
Experiment 20 completed.
570
591
615
502
530
684
548
547
Average:     CPU    %usr   %nice    %sys %iowait    %irq   %soft  %steal  %guest  %gnice   %idle
Average:     all    4.69    0.00   15.60    0.08    0.00   29.41    0.08    0.00    0.00   50.15
Average:       0    4.12    0.00   22.08    0.00    0.00   22.97    0.06    0.00    0.00   50.76
Average:       1    4.84    0.00   21.33    0.00    0.00   18.53    0.12    0.00    0.00   55.19
Average:       2    6.81    0.00   11.71    0.28    0.00    9.96    0.06    0.00    0.00   71.19
Average:       3    2.43    0.00    6.22    0.00    0.00   74.75    0.07    0.00    0.00   16.52

Average:     CPU    %usr   %nice    %sys %iowait    %irq   %soft  %steal  %guest  %gnice   %idle
Average:     all    3.64    0.00   13.93    0.09    0.00   22.60    0.08    0.00    0.00   59.66
Average:       0    3.64    0.00   19.19    0.06    0.00   18.70    0.06    0.00    0.00   58.35
Average:       1    3.80    0.00   18.63    0.06    0.00   15.48    0.12    0.00    0.00   61.92
Average:       2    4.41    0.00    8.77    0.17    0.00    8.88    0.06    0.00    0.00   77.71
Average:       3    2.40    0.00    7.96    0.08    0.00   55.49    0.08    0.00    0.00   34.00

Average:     CPU    %usr   %nice    %sys %iowait    %irq   %soft  %steal  %guest  %gnice   %idle
Average:     all    2.93    0.00   12.97    0.05    0.00   27.68    0.12    0.00    0.00   56.26
Average:       0    3.64    0.00   12.51    0.12    0.00   11.27    0.18    0.00    0.00   72.28
Average:       1    3.89    0.00   12.06    0.06    0.00   10.54    0.17    0.00    0.00   73.30
Average:       2    2.93    0.00   19.44    0.00    0.00   17.49    0.06    0.00    0.00   60.09
Average:       3    0.99    0.00    7.53    0.00    0.00   77.33    0.07    0.00    0.00   14.08

Average:     CPU    %usr   %nice    %sys %iowait    %irq   %soft  %steal  %guest  %gnice   %idle
Average:     all    2.88    0.00   12.95    0.06    0.00   26.06    0.05    0.00    0.00   58.01
Average:       0    3.30    0.00   14.02    0.12    0.00   12.96    0.06    0.00    0.00   69.55
Average:       1    3.58    0.00   13.26    0.06    0.00   13.43    0.12    0.00    0.00   69.56
Average:       2    3.31    0.00   16.29    0.06    0.00   12.75    0.00    0.00    0.00   67.59
Average:       3    1.05    0.00    7.39    0.00    0.00   72.26    0.00    0.00    0.00   19.30

Average:     CPU    %usr   %nice    %sys %iowait    %irq   %soft  %steal  %guest  %gnice   %idle
Average:     all    3.32    0.00   14.21    0.08    0.00   27.01    0.03    0.00    0.00   55.35
Average:       0    4.25    0.00   12.99    0.17    0.00    9.42    0.06    0.00    0.00   73.11
Average:       1    4.44    0.00   13.31    0.06    0.00   10.49    0.06    0.00    0.00   71.64
Average:       2    3.13    0.00   21.58    0.06    0.00   19.17    0.00    0.00    0.00   56.06
Average:       3    1.13    0.00    8.54    0.00    0.00   75.52    0.00    0.00    0.00   14.81

Average:     CPU    %usr   %nice    %sys %iowait    %irq   %soft  %steal  %guest  %gnice   %idle
Average:     all    5.33    0.00   15.37    0.17    0.00   22.95    0.03    0.00    0.00   56.15
Average:       0    5.31    0.00   20.09    0.06    0.00   15.30    0.06    0.00    0.00   59.18
Average:       1    4.89    0.00   19.82    0.00    0.00   20.12    0.00    0.00    0.00   55.17
Average:       2    7.51    0.00   12.00    0.56    0.00    5.66    0.06    0.00    0.00   74.22
Average:       3    2.91    0.00    8.05    0.00    0.00   60.35    0.00    0.00    0.00   28.68

Average:     CPU    %usr   %nice    %sys %iowait    %irq   %soft  %steal  %guest  %gnice   %idle
Average:     all    5.46    0.00   14.92    0.06    0.00   24.34    0.05    0.00    0.00   55.18
Average:       0    6.10    0.00   17.42    0.12    0.00   14.61    0.06    0.00    0.00   61.70
Average:       1    5.55    0.00   17.76    0.06    0.00   16.53    0.06    0.00    0.00   60.05
Average:       2    6.49    0.00   14.52    0.06    0.00   10.33    0.06    0.00    0.00   68.54
Average:       3    3.28    0.00    8.84    0.00    0.00   63.34    0.00    0.00    0.00   24.54

Average:     CPU    %usr   %nice    %sys %iowait    %irq   %soft  %steal  %guest  %gnice   %idle
Average:     all    2.66    0.00   12.11    0.09    0.00   22.80    0.09    0.00    0.00   62.24
Average:       0    2.78    0.00    8.75    0.06    0.00    7.72    0.11    0.00    0.00   80.58
Average:       1    3.22    0.00    8.82    0.11    0.00    7.63    0.11    0.00    0.00   80.10
Average:       2    2.86    0.00   20.42    0.12    0.00   21.05    0.06    0.00    0.00   55.48
Average:       3    1.58    0.00   10.97    0.07    0.00   63.08    0.07    0.00    0.00   24.23

Average:     CPU    %usr   %nice    %sys %iowait    %irq   %soft  %steal  %guest  %gnice   %idle
Average:     all    3.36    0.00   13.31    0.03    0.00   24.06    0.08    0.00    0.00   59.16
Average:       0    3.77    0.00   13.73    0.00    0.00    8.14    0.11    0.00    0.00   74.25
Average:       1    3.37    0.00   13.15    0.00    0.00   16.46    0.12    0.00    0.00   66.90
Average:       2    4.01    0.00   16.21    0.06    0.00   14.15    0.06    0.00    0.00   65.51
Average:       3    2.03    0.00    9.36    0.07    0.00   65.97    0.00    0.00    0.00   22.57

Average:     CPU    %usr   %nice    %sys %iowait    %irq   %soft  %steal  %guest  %gnice   %idle
Average:     all    3.15    0.00   14.03    0.05    0.00   23.31    0.05    0.00    0.00   59.41
Average:       0    3.59    0.00   16.93    0.06    0.00   17.12    0.06    0.00    0.00   62.24
Average:       1    2.77    0.00   15.72    0.06    0.00   12.77    0.06    0.00    0.00   68.61
Average:       2    3.35    0.00   12.55    0.00    0.00   14.88    0.06    0.00    0.00   69.16
Average:       3    2.86    0.00   10.13    0.08    0.00   55.92    0.00    0.00    0.00   31.01

Average:     CPU    %usr   %nice    %sys %iowait    %irq   %soft  %steal  %guest  %gnice   %idle
Average:     all    2.56    0.00   11.66    0.05    0.00   23.27    0.08    0.00    0.00   62.39
Average:       0    2.72    0.00    9.35    0.06    0.00    8.10    0.06    0.00    0.00   79.72
Average:       1    3.29    0.00    8.75    0.06    0.00    7.55    0.11    0.00    0.00   80.24
Average:       2    2.81    0.00   18.03    0.06    0.00   18.45    0.06    0.00    0.00   60.60
Average:       3    1.14    0.00   10.65    0.00    0.00   67.64    0.07    0.00    0.00   20.51

Average:     CPU    %usr   %nice    %sys %iowait    %irq   %soft  %steal  %guest  %gnice   %idle
Average:     all    4.46    0.00   13.58    0.14    0.00   24.67    0.09    0.00    0.00   57.06
Average:       0    6.00    0.00   13.90    0.22    0.00    8.73    0.11    0.00    0.00   71.04
Average:       1    4.87    0.00   14.48    0.06    0.00   17.94    0.12    0.00    0.00   62.53
Average:       2    4.42    0.00   16.18    0.23    0.00   13.77    0.06    0.00    0.00   65.35
Average:       3    2.06    0.00    8.90    0.00    0.00   66.48    0.07    0.00    0.00   22.49

Average:     CPU    %usr   %nice    %sys %iowait    %irq   %soft  %steal  %guest  %gnice   %idle
Average:     all    5.34    0.00   14.58    0.08    0.00   24.34    0.03    0.00    0.00   55.63
Average:       0    5.15    0.00   17.52    0.06    0.00   14.81    0.06    0.00    0.00   62.41
Average:       1    3.98    0.00   18.45    0.00    0.00   19.19    0.06    0.00    0.00   58.32
Average:       2    7.98    0.00   11.65    0.23    0.00   10.80    0.00    0.00    0.00   69.34
Average:       3    3.76    0.00   10.04    0.00    0.00   60.30    0.00    0.00    0.00   25.90

Average:     CPU    %usr   %nice    %sys %iowait    %irq   %soft  %steal  %guest  %gnice   %idle
Average:     all    3.23    0.00   13.40    0.03    0.00   27.27    0.03    0.00    0.00   56.03
Average:       0    4.01    0.00   15.03    0.00    0.00   13.05    0.06    0.00    0.00   67.84
Average:       1    4.18    0.00   15.10    0.06    0.00   12.29    0.06    0.00    0.00   68.32
Average:       2    3.46    0.00   15.59    0.06    0.00   12.30    0.00    0.00    0.00   68.59
Average:       3    1.01    0.00    7.07    0.00    0.00   77.93    0.00    0.00    0.00   14.00

Average:     CPU    %usr   %nice    %sys %iowait    %irq   %soft  %steal  %guest  %gnice   %idle
Average:     all    3.41    0.00   15.56    0.06    0.00   24.01    0.05    0.00    0.00   56.91
Average:       0    3.39    0.00   20.16    0.12    0.00   16.16    0.06    0.00    0.00   60.11
Average:       1    3.76    0.00   20.04    0.00    0.00   17.45    0.06    0.00    0.00   58.69
Average:       2    4.10    0.00   12.13    0.11    0.00    8.94    0.06    0.00    0.00   74.66
Average:       3    2.00    0.00    8.50    0.00    0.00   64.15    0.00    0.00    0.00   25.34

Average:     CPU    %usr   %nice    %sys %iowait    %irq   %soft  %steal  %guest  %gnice   %idle
Average:     all    3.30    0.00   12.70    0.04    0.00   26.08    0.06    0.00    0.00   57.81
Average:       0    3.53    0.00    8.42    0.11    0.00    7.46    0.06    0.00    0.00   80.42
Average:       1    3.99    0.00    9.40    0.00    0.00    5.52    0.05    0.00    0.00   81.04
Average:       2    3.90    0.00   24.28    0.06    0.00   23.98    0.06    0.00    0.00   47.72
Average:       3    1.58    0.00    9.09    0.00    0.00   74.70    0.07    0.00    0.00   14.56

Average:     CPU    %usr   %nice    %sys %iowait    %irq   %soft  %steal  %guest  %gnice   %idle
Average:     all    3.32    0.00   14.10    0.02    0.00   24.96    0.05    0.00    0.00   57.55
Average:       0    3.57    0.00   14.36    0.00    0.00   16.15    0.07    0.00    0.00   65.85
Average:       1    4.13    0.00   14.61    0.06    0.00    8.71    0.06    0.00    0.00   72.44
Average:       2    3.77    0.00   16.64    0.00    0.00   15.52    0.00    0.00    0.00   64.07
Average:       3    1.48    0.00   10.13    0.00    0.00   67.04    0.07    0.00    0.00   21.29

Average:     CPU    %usr   %nice    %sys %iowait    %irq   %soft  %steal  %guest  %gnice   %idle
Average:     all    4.70    0.00   14.39    0.15    0.00   25.61    0.06    0.00    0.00   55.09
Average:       0    6.44    0.00   14.90    0.29    0.00   12.77    0.12    0.00    0.00   65.48
Average:       1    6.30    0.00   13.65    0.12    0.00   12.38    0.12    0.00    0.00   67.44
Average:       2    3.05    0.00   17.77    0.12    0.00   17.89    0.00    0.00    0.00   61.16
Average:       3    2.59    0.00   10.69    0.07    0.00   66.18    0.00    0.00    0.00   20.48

Average:     CPU    %usr   %nice    %sys %iowait    %irq   %soft  %steal  %guest  %gnice   %idle
Average:     all    5.07    0.00   14.07    0.09    0.00   25.23    0.06    0.00    0.00   55.47
Average:       0    5.58    0.00   15.09    0.18    0.00   14.61    0.06    0.00    0.00   64.48
Average:       1    7.13    0.00   13.18    0.11    0.00   11.93    0.11    0.00    0.00   67.52
Average:       2    5.44    0.00   16.90    0.06    0.00   12.31    0.06    0.00    0.00   65.23
Average:       3    1.58    0.00   10.58    0.00    0.00   68.80    0.00    0.00    0.00   19.04

Average:     CPU    %usr   %nice    %sys %iowait    %irq   %soft  %steal  %guest  %gnice   %idle
Average:     all    2.97    0.00   12.62    0.04    0.00   26.19    0.06    0.00    0.00   58.12
Average:       0    3.42    0.00   13.18    0.06    0.00    9.70    0.06    0.00    0.00   73.57
Average:       1    3.61    0.00   12.00    0.00    0.00   11.82    0.06    0.00    0.00   72.52
Average:       2    3.74    0.00   17.24    0.11    0.00   11.97    0.06    0.00    0.00   66.87
Average:       3    0.85    0.00    7.32    0.00    0.00   77.34    0.07    0.00    0.00   14.44



Numbers grid:
640 642 658 656 673 650 587 694 572 557 542 575 560 586 604 607 651 625 577 615
664 539 594 547 586 499 561 587 522 584 589 551 606 530 630 632 587 694 597 527
604 526 597 572 555 548 574 546 570 532 543 566 606 590 532 544 565 529 570 567
621 540 589 566 627 604 574 573 617 572 607 542 565 632 630 566 609 551 548 615
553 593 516 600 663 529 580 622 575 559 552 572 570 589 654 532 555 576 553 552
554 553 631 563 614 596 596 567 564 563 559 516 586 615 514 618 616 624 616 578
625 570 608 683 622 504 543 600 653 584 591 593 551 606 581 585 615 579 594 613
597 593 616 551 669 601 541 608 556 582 607 619 570 591 615 502 530 684 548 547
Core 0 idle: 
50.76
58.35
72.28
69.55
73.11
59.18
61.70
80.58
74.25
62.24
79.72
71.04
62.41
67.84
60.11
80.42
65.85
65.48
64.48
73.57
Core 0 soft: 
22.97
18.70
11.27
12.96
9.42
15.30
14.61
7.72
8.14
17.12
8.10
8.73
14.81
13.05
16.16
7.46
16.15
12.77
14.61
9.70
Core 0 sys: 
22.08
19.19
12.51
14.02
12.99
20.09
17.42
8.75
13.73
16.93
9.35
13.90
17.52
15.03
20.16
8.42
14.36
14.90
15.09
13.18
Core 0 usr: 
4.12
3.64
3.64
3.30
4.25
5.31
6.10
2.78
3.77
3.59
2.72
6.00
5.15
4.01
3.39
3.53
3.57
6.44
5.58
3.42
Core 1 idle: 
55.19
61.92
73.30
69.56
71.64
55.17
60.05
80.10
66.90
68.61
80.24
62.53
58.32
68.32
58.69
81.04
72.44
67.44
67.52
72.52
Core 1 soft: 
18.53
15.48
10.54
13.43
10.49
20.12
16.53
7.63
16.46
12.77
7.55
17.94
19.19
12.29
17.45
5.52
8.71
12.38
11.93
11.82
Core 1 sys: 
21.33
18.63
12.06
13.26
13.31
19.82
17.76
8.82
13.15
15.72
8.75
14.48
18.45
15.10
20.04
9.40
14.61
13.65
13.18
12.00
Core 1 usr: 
4.84
3.80
3.89
3.58
4.44
4.89
5.55
3.22
3.37
2.77
3.29
4.87
3.98
4.18
3.76
3.99
4.13
6.30
7.13
3.61
Core 2 idle: 
71.19
77.71
60.09
67.59
56.06
74.22
68.54
55.48
65.51
69.16
60.60
65.35
69.34
68.59
74.66
47.72
64.07
61.16
65.23
66.87
Core 2 soft: 
9.96
8.88
17.49
12.75
19.17
5.66
10.33
21.05
14.15
14.88
18.45
13.77
10.80
12.30
8.94
23.98
15.52
17.89
12.31
11.97
Core 2 sys: 
11.71
8.77
19.44
16.29
21.58
12.00
14.52
20.42
16.21
12.55
18.03
16.18
11.65
15.59
12.13
24.28
16.64
17.77
16.90
17.24
Core 2 usr: 
6.81
4.41
2.93
3.31
3.13
7.51
6.49
2.86
4.01
3.35
2.81
4.42
7.98
3.46
4.10
3.90
3.77
3.05
5.44
3.74
Core 3 idle: 
16.52
34.00
14.08
19.30
14.81
28.68
24.54
24.23
22.57
31.01
20.51
22.49
25.90
14.00
25.34
14.56
21.29
20.48
19.04
14.44
Core 3 soft: 
74.75
55.49
77.33
72.26
75.52
60.35
63.34
63.08
65.97
55.92
67.64
66.48
60.30
77.93
64.15
74.70
67.04
66.18
68.80
77.34
Core 3 sys: 
6.22
7.96
7.53
7.39
8.54
8.05
8.84
10.97
9.36
10.13
10.65
8.90
10.04
7.07
8.50
9.09
10.13
10.69
10.58
7.32
Core 3 usr: 
2.43
2.40
0.99
1.05
1.13
2.91
3.28
1.58
2.03
2.86
1.14
2.06
3.76
1.01
2.00
1.58
1.48
2.59
1.58
0.85
