Running experiment 1...
Experiment 1 completed.
557
529
621
600
600
621
545
580
Running experiment 2...
Experiment 2 completed.
548
615
592
585
552
594
581
577
Running experiment 3...
Experiment 3 completed.
535
584
576
569
563
586
578
582
Running experiment 4...
Experiment 4 completed.
583
592
556
526
578
573
573
528
Running experiment 5...
Experiment 5 completed.
573
670
588
593
654
583
549
597
Running experiment 6...
Experiment 6 completed.
631
631
633
574
694
644
648
635
Running experiment 7...
Experiment 7 completed.
595
564
515
517
614
572
577
579
Running experiment 8...
Experiment 8 completed.
597
614
574
569
600
619
572
561
Running experiment 9...
Experiment 9 completed.
568
547
635
594
623
569
632
653
Running experiment 10...
Experiment 10 completed.
574
568
676
531
585
543
545
595
Running experiment 11...
Experiment 11 completed.
587
597
569
548
551
565
590
566
Running experiment 12...
Experiment 12 completed.
539
647
538
541
534
504
499
535
Running experiment 13...
Experiment 13 completed.
610
593
604
629
566
590
598
569
Running experiment 14...
Experiment 14 completed.
600
588
610
556
584
566
579
560
Running experiment 15...
Experiment 15 completed.
510
553
558
506
493
591
604
553
Running experiment 16...
Experiment 16 completed.
571
588
538
549
552
543
567
612
Running experiment 17...
Experiment 17 completed.
565
558
568
573
593
577
571
576
Running experiment 18...
Experiment 18 completed.
542
566
559
567
549
589
582
558
Running experiment 19...
Experiment 19 completed.
548
611
550
511
556
532
586
569
Running experiment 20...
Experiment 20 completed.
551
524
567
531
558
585
534
696
Average:     CPU    %usr   %nice    %sys %iowait    %irq   %soft  %steal  %guest  %gnice   %idle
Average:     all    4.41    0.00   13.95    0.14    0.00   21.52    0.03    0.00    0.00   59.94
Average:       0    4.85    0.00   18.21    0.12    0.00   15.35    0.00    0.00    0.00   61.47
Average:       1    3.77    0.00   18.78    0.19    0.00   20.38    0.06    0.00    0.00   56.83
Average:       2    5.07    0.00    8.51    0.17    0.00   10.20    0.06    0.00    0.00   75.99
Average:       3    3.76    0.00    9.41    0.08    0.00   46.51    0.00    0.00    0.00   40.24

Average:     CPU    %usr   %nice    %sys %iowait    %irq   %soft  %steal  %guest  %gnice   %idle
Average:     all    4.87    0.00   15.31    0.13    0.00   23.50    0.06    0.00    0.00   56.14
Average:       0    4.35    0.00   19.15    0.11    0.00   14.24    0.06    0.00    0.00   62.09
Average:       1    3.80    0.00   20.00    0.06    0.00   23.61    0.06    0.00    0.00   52.47
Average:       2    6.47    0.00   10.75    0.23    0.00   11.16    0.06    0.00    0.00   71.33
Average:       3    4.74    0.00   10.47    0.08    0.00   52.22    0.08    0.00    0.00   32.42

Average:     CPU    %usr   %nice    %sys %iowait    %irq   %soft  %steal  %guest  %gnice   %idle
Average:     all    3.31    0.00   13.84    0.09    0.00   20.58    0.05    0.00    0.00   62.14
Average:       0    3.11    0.00   15.89    0.18    0.00   12.72    0.06    0.00    0.00   68.05
Average:       1    3.01    0.00   16.13    0.12    0.00   14.44    0.06    0.00    0.00   66.25
Average:       2    3.54    0.00   11.58    0.06    0.00   12.48    0.06    0.00    0.00   72.29
Average:       3    3.65    0.00   11.10    0.00    0.00   49.38    0.00    0.00    0.00   35.87

Average:     CPU    %usr   %nice    %sys %iowait    %irq   %soft  %steal  %guest  %gnice   %idle
Average:     all    2.81    0.00   13.51    0.03    0.00   19.75    0.08    0.00    0.00   63.82
Average:       0    3.31    0.00   14.83    0.00    0.00   10.61    0.11    0.00    0.00   71.14
Average:       1    2.52    0.00   15.95    0.00    0.00   15.89    0.06    0.00    0.00   65.58
Average:       2    2.83    0.00   11.31    0.12    0.00   12.03    0.06    0.00    0.00   73.65
Average:       3    2.48    0.00   11.47    0.00    0.00   46.98    0.08    0.00    0.00   38.99

Average:     CPU    %usr   %nice    %sys %iowait    %irq   %soft  %steal  %guest  %gnice   %idle
Average:     all    3.22    0.00   14.74    0.05    0.00   20.89    0.06    0.00    0.00   61.04
Average:       0    3.05    0.00   19.58    0.00    0.00   17.19    0.06    0.00    0.00   60.12
Average:       1    2.91    0.00   19.44    0.00    0.00   16.78    0.06    0.00    0.00   60.81
Average:       2    3.89    0.00    9.36    0.17    0.00    9.12    0.06    0.00    0.00   77.40
Average:       3    2.92    0.00    9.41    0.00    0.00   47.85    0.08    0.00    0.00   39.74

Average:     CPU    %usr   %nice    %sys %iowait    %irq   %soft  %steal  %guest  %gnice   %idle
Average:     all    3.79    0.00   15.37    0.05    0.00   25.78    0.05    0.00    0.00   54.97
Average:       0    3.92    0.00   20.56    0.00    0.00   21.24    0.06    0.00    0.00   54.22
Average:       1    3.31    0.00   21.12    0.00    0.00   19.43    0.06    0.00    0.00   56.08
Average:       2    4.29    0.00   10.21    0.17    0.00   11.54    0.06    0.00    0.00   73.72
Average:       3    3.58    0.00    8.26    0.00    0.00   58.88    0.00    0.00    0.00   29.28

Average:     CPU    %usr   %nice    %sys %iowait    %irq   %soft  %steal  %guest  %gnice   %idle
Average:     all    5.11    0.00   14.82    0.15    0.00   20.42    0.08    0.00    0.00   59.41
Average:       0    3.63    0.00   21.55    0.06    0.00   20.34    0.06    0.00    0.00   54.36
Average:       1    3.74    0.00   20.01    0.00    0.00   17.32    0.12    0.00    0.00   58.81
Average:       2    6.48    0.00    8.34    0.45    0.00    6.59    0.06    0.00    0.00   78.08
Average:       3    6.88    0.00    8.40    0.08    0.00   43.12    0.08    0.00    0.00   41.45

Average:     CPU    %usr   %nice    %sys %iowait    %irq   %soft  %steal  %guest  %gnice   %idle
Average:     all    3.21    0.00   14.29    0.08    0.00   22.67    0.05    0.00    0.00   59.71
Average:       0    3.86    0.00   14.13    0.12    0.00   14.13    0.12    0.00    0.00   67.63
Average:       1    3.62    0.00   14.12    0.06    0.00   10.79    0.06    0.00    0.00   71.36
Average:       2    2.94    0.00   16.54    0.06    0.00   16.73    0.00    0.00    0.00   63.73
Average:       3    2.17    0.00   11.96    0.07    0.00   56.20    0.00    0.00    0.00   29.60

Average:     CPU    %usr   %nice    %sys %iowait    %irq   %soft  %steal  %guest  %gnice   %idle
Average:     all    3.50    0.00   15.38    0.06    0.00   24.46    0.08    0.00    0.00   56.52
Average:       0    3.47    0.00   18.60    0.00    0.00   18.12    0.06    0.00    0.00   59.76
Average:       1    3.50    0.00   18.14    0.12    0.00   15.89    0.12    0.00    0.00   62.24
Average:       2    4.37    0.00   12.76    0.12    0.00   14.38    0.06    0.00    0.00   68.30
Average:       3    2.45    0.00   11.09    0.00    0.00   56.39    0.08    0.00    0.00   29.99

Average:     CPU    %usr   %nice    %sys %iowait    %irq   %soft  %steal  %guest  %gnice   %idle
Average:     all    2.81    0.02   13.73    0.05    0.00   22.14    0.08    0.00    0.00   61.18
Average:       0    2.93    0.00   10.78    0.06    0.00   10.78    0.18    0.00    0.00   75.28
Average:       1    3.65    0.00   11.46    0.06    0.00    8.93    0.06    0.00    0.00   75.84
Average:       2    2.62    0.06   19.88    0.06    0.00   21.18    0.00    0.00    0.00   56.20
Average:       3    1.77    0.00   13.17    0.00    0.00   54.82    0.07    0.00    0.00   30.17

Average:     CPU    %usr   %nice    %sys %iowait    %irq   %soft  %steal  %guest  %gnice   %idle
Average:     all    2.77    0.00   13.79    0.05    0.00   22.29    0.08    0.00    0.00   61.02
Average:       0    2.91    0.00   13.96    0.00    0.00   13.60    0.12    0.00    0.00   69.40
Average:       1    3.44    0.00   13.32    0.11    0.00   10.05    0.06    0.00    0.00   73.02
Average:       2    2.87    0.00   15.76    0.06    0.00   16.26    0.06    0.00    0.00   64.98
Average:       3    1.59    0.00   11.77    0.00    0.00   56.72    0.08    0.00    0.00   29.84

Average:     CPU    %usr   %nice    %sys %iowait    %irq   %soft  %steal  %guest  %gnice   %idle
Average:     all    5.35    0.00   14.45    0.05    0.00   20.68    0.09    0.00    0.00   59.38
Average:       0    3.57    0.00   20.50    0.06    0.00   22.70    0.13    0.00    0.00   53.04
Average:       1    3.84    0.00   18.11    0.00    0.00   15.26    0.12    0.00    0.00   62.67
Average:       2    7.29    0.00    9.44    0.06    0.00    7.07    0.06    0.00    0.00   76.09
Average:       3    6.82    0.00    9.20    0.08    0.00   44.21    0.08    0.00    0.00   39.62

Average:     CPU    %usr   %nice    %sys %iowait    %irq   %soft  %steal  %guest  %gnice   %idle
Average:     all    4.93    0.00   14.13    0.16    0.00   22.65    0.08    0.00    0.00   58.06
Average:       0    5.30    0.00   14.95    0.24    0.00   14.47    0.12    0.00    0.00   64.92
Average:       1    6.04    0.00   13.72    0.17    0.00   10.28    0.06    0.00    0.00   69.73
Average:       2    4.74    0.00   16.30    0.12    0.00   16.79    0.06    0.00    0.00   61.99
Average:       3    3.25    0.00   11.02    0.07    0.00   56.07    0.07    0.00    0.00   29.51

Average:     CPU    %usr   %nice    %sys %iowait    %irq   %soft  %steal  %guest  %gnice   %idle
Average:     all    3.36    0.00   13.16    0.02    0.00   20.25    0.07    0.00    0.00   63.14
Average:       0    4.09    0.00   13.01    0.00    0.00   12.88    0.06    0.00    0.00   69.96
Average:       1    4.18    0.00   12.66    0.00    0.00    9.97    0.06    0.00    0.00   73.13
Average:       2    2.87    0.00   15.18    0.07    0.00   15.57    0.07    0.00    0.00   66.25
Average:       3    1.90    0.00   11.51    0.00    0.00   50.17    0.08    0.00    0.00   36.34

Average:     CPU    %usr   %nice    %sys %iowait    %irq   %soft  %steal  %guest  %gnice   %idle
Average:     all    3.28    0.00   12.86    0.03    0.00   18.67    0.18    0.00    0.00   64.97
Average:       0    3.27    0.00   14.35    0.06    0.00   16.59    0.26    0.00    0.00   65.47
Average:       1    3.61    0.00   14.33    0.06    0.00    8.05    0.17    0.00    0.00   73.79
Average:       2    3.18    0.00   11.71    0.00    0.00   12.25    0.18    0.00    0.00   72.67
Average:       3    2.96    0.00   10.35    0.00    0.00   45.85    0.08    0.00    0.00   40.76

Average:     CPU    %usr   %nice    %sys %iowait    %irq   %soft  %steal  %guest  %gnice   %idle
Average:     all    3.26    0.00   12.93    0.06    0.00   20.31    0.06    0.00    0.00   63.37
Average:       0    4.07    0.00   12.74    0.06    0.00   11.02    0.11    0.00    0.00   72.00
Average:       1    3.86    0.00   11.94    0.12    0.00   12.71    0.06    0.00    0.00   71.32
Average:       2    2.61    0.00   14.70    0.00    0.00   15.82    0.06    0.00    0.00   66.81
Average:       3    2.20    0.00   12.25    0.08    0.00   48.78    0.00    0.00    0.00   36.68

Average:     CPU    %usr   %nice    %sys %iowait    %irq   %soft  %steal  %guest  %gnice   %idle
Average:     all    3.08    0.00   13.88    0.05    0.00   19.49    0.10    0.00    0.00   63.40
Average:       0    2.92    0.00   19.48    0.13    0.00   18.51    0.06    0.00    0.00   58.90
Average:       1    3.18    0.00   16.84    0.00    0.00   12.85    0.12    0.00    0.00   67.01
Average:       2    3.43    0.00    8.76    0.06    0.00    9.11    0.12    0.00    0.00   78.52
Average:       3    2.64    0.00    9.55    0.00    0.00   45.52    0.09    0.00    0.00   42.20

Average:     CPU    %usr   %nice    %sys %iowait    %irq   %soft  %steal  %guest  %gnice   %idle
Average:     all    5.66    0.00   14.69    0.12    0.00   21.85    0.08    0.00    0.00   57.60
Average:       0    4.70    0.00   17.17    0.13    0.00   20.18    0.06    0.00    0.00   57.77
Average:       1    6.47    0.00   16.31    0.11    0.00    8.07    0.11    0.00    0.00   68.93
Average:       2    4.86    0.00   13.70    0.24    0.00   14.83    0.06    0.00    0.00   66.31
Average:       3    6.72    0.00   10.82    0.00    0.00   51.27    0.07    0.00    0.00   31.12

Average:     CPU    %usr   %nice    %sys %iowait    %irq   %soft  %steal  %guest  %gnice   %idle
Average:     all    5.67    0.00   14.68    0.16    0.00   19.22    0.06    0.00    0.00   60.21
Average:       0    4.65    0.00   20.61    0.06    0.00   16.20    0.06    0.00    0.00   58.42
Average:       1    3.49    0.00   20.76    0.12    0.00   18.70    0.06    0.00    0.00   56.86
Average:       2    7.72    0.00    8.11    0.34    0.00    5.80    0.11    0.00    0.00   77.92
Average:       3    6.97    0.00    8.03    0.08    0.00   43.39    0.00    0.00    0.00   41.52

Average:     CPU    %usr   %nice    %sys %iowait    %irq   %soft  %steal  %guest  %gnice   %idle
Average:     all    3.05    0.00   13.59    0.07    0.00   17.78    0.03    0.00    0.00   65.47
Average:       0    3.53    0.00   20.37    0.06    0.00   16.52    0.06    0.00    0.00   59.46
Average:       1    2.81    0.00   20.86    0.06    0.00   19.43    0.00    0.00    0.00   56.84
Average:       2    3.20    0.00    5.34    0.06    0.00    4.94    0.06    0.00    0.00   86.40
Average:       3    2.47    0.00    6.58    0.09    0.00   38.08    0.00    0.00    0.00   52.79



Numbers grid:
557 529 621 600 600 621 545 580 548 615 592 585 552 594 581 577 535 584 576 569
563 586 578 582 583 592 556 526 578 573 573 528 573 670 588 593 654 583 549 597
631 631 633 574 694 644 648 635 595 564 515 517 614 572 577 579 597 614 574 569
600 619 572 561 568 547 635 594 623 569 632 653 574 568 676 531 585 543 545 595
587 597 569 548 551 565 590 566 539 647 538 541 534 504 499 535 610 593 604 629
566 590 598 569 600 588 610 556 584 566 579 560 510 553 558 506 493 591 604 553
571 588 538 549 552 543 567 612 565 558 568 573 593 577 571 576 542 566 559 567
549 589 582 558 548 611 550 511 556 532 586 569 551 524 567 531 558 585 534 696
Core 0 idle: 
61.47
62.09
68.05
71.14
60.12
54.22
54.36
67.63
59.76
75.28
69.40
53.04
64.92
69.96
65.47
72.00
58.90
57.77
58.42
59.46
Core 0 soft: 
15.35
14.24
12.72
10.61
17.19
21.24
20.34
14.13
18.12
10.78
13.60
22.70
14.47
12.88
16.59
11.02
18.51
20.18
16.20
16.52
Core 0 sys: 
18.21
19.15
15.89
14.83
19.58
20.56
21.55
14.13
18.60
10.78
13.96
20.50
14.95
13.01
14.35
12.74
19.48
17.17
20.61
20.37
Core 0 usr: 
4.85
4.35
3.11
3.31
3.05
3.92
3.63
3.86
3.47
2.93
2.91
3.57
5.30
4.09
3.27
4.07
2.92
4.70
4.65
3.53
Core 1 idle: 
56.83
52.47
66.25
65.58
60.81
56.08
58.81
71.36
62.24
75.84
73.02
62.67
69.73
73.13
73.79
71.32
67.01
68.93
56.86
56.84
Core 1 soft: 
20.38
23.61
14.44
15.89
16.78
19.43
17.32
10.79
15.89
8.93
10.05
15.26
10.28
9.97
8.05
12.71
12.85
8.07
18.70
19.43
Core 1 sys: 
18.78
20.00
16.13
15.95
19.44
21.12
20.01
14.12
18.14
11.46
13.32
18.11
13.72
12.66
14.33
11.94
16.84
16.31
20.76
20.86
Core 1 usr: 
3.77
3.80
3.01
2.52
2.91
3.31
3.74
3.62
3.50
3.65
3.44
3.84
6.04
4.18
3.61
3.86
3.18
6.47
3.49
2.81
Core 2 idle: 
75.99
71.33
72.29
73.65
77.40
73.72
78.08
63.73
68.30
56.20
64.98
76.09
61.99
66.25
72.67
66.81
78.52
66.31
77.92
86.40
Core 2 soft: 
10.20
11.16
12.48
12.03
9.12
11.54
6.59
16.73
14.38
21.18
16.26
7.07
16.79
15.57
12.25
15.82
9.11
14.83
5.80
4.94
Core 2 sys: 
8.51
10.75
11.58
11.31
9.36
10.21
8.34
16.54
12.76
19.88
15.76
9.44
16.30
15.18
11.71
14.70
8.76
13.70
8.11
5.34
Core 2 usr: 
5.07
6.47
3.54
2.83
3.89
4.29
6.48
2.94
4.37
2.62
2.87
7.29
4.74
2.87
3.18
2.61
3.43
4.86
7.72
3.20
Core 3 idle: 
40.24
32.42
35.87
38.99
39.74
29.28
41.45
29.60
29.99
30.17
29.84
39.62
29.51
36.34
40.76
36.68
42.20
31.12
41.52
52.79
Core 3 soft: 
46.51
52.22
49.38
46.98
47.85
58.88
43.12
56.20
56.39
54.82
56.72
44.21
56.07
50.17
45.85
48.78
45.52
51.27
43.39
38.08
Core 3 sys: 
9.41
10.47
11.10
11.47
9.41
8.26
8.40
11.96
11.09
13.17
11.77
9.20
11.02
11.51
10.35
12.25
9.55
10.82
8.03
6.58
Core 3 usr: 
3.76
4.74
3.65
2.48
2.92
3.58
6.88
2.17
2.45
1.77
1.59
6.82
3.25
1.90
2.96
2.20
2.64
6.72
6.97
2.47
