Running experiment 1...
Experiment 1 completed.
302
285
309
263
267
302
252
267
256
294
261
285
289
267
266
304
Running experiment 2...
Experiment 2 completed.
318
265
292
231
323
275
275
231
273
278
287
297
310
265
284
395
Running experiment 3...
Experiment 3 completed.
281
291
313
282
292
258
252
284
261
251
267
269
255
260
272
250
Running experiment 4...
Experiment 4 completed.
256
329
272
273
330
350
279
279
382
271
285
261
257
292
319
349
Running experiment 5...
Experiment 5 completed.
256
267
285
247
301
276
235
229
215
222
258
236
241
234
234
309
Running experiment 6...
Experiment 6 completed.
274
293
240
319
278
292
298
214
211
259
263
265
321
304
295
250
Running experiment 7...
Experiment 7 completed.
349
275
291
252
259
299
298
284
266
262
270
283
252
307
292
328
Running experiment 8...
Experiment 8 completed.
275
339
299
310
228
277
311
265
292
292
286
218
322
255
285
302
Running experiment 9...
Experiment 9 completed.
235
231
260
251
279
227
290
242
222
261
241
346
280
228
260
237
Running experiment 10...
Experiment 10 completed.
291
269
321
332
289
279
288
281
289
312
294
259
288
305
311
303
Running experiment 11...
Experiment 11 completed.
295
326
277
267
285
294
306
255
269
214
294
279
304
368
332
306
Running experiment 12...
Experiment 12 completed.
301
300
382
359
280
295
293
304
320
290
294
304
285
354
301
319
Running experiment 13...
Experiment 13 completed.
287
311
437
324
322
272
302
308
347
298
290
271
224
254
289
386
Running experiment 14...
Experiment 14 completed.
Average:       1    8.75    0.00   16.51    0.17    0.00   19.29    0.06    0.00    0.00   55.21
Average:       2    4.71    0.00   17.60    0.06    0.00   26.79    0.00    0.00    0.00   50.84
Average:       3    5.94    0.00   10.52    0.07    0.00   56.30    0.00    0.00    0.00   27.17
304
276
323
267
332
301
330
257
333
281
399
274
286
Running experiment 15...
Experiment 15 completed.
289
280
263
246
258
288
347
261
253
265
321
274
278
357
265
315
Running experiment 16...
Experiment 16 completed.
315
282
285
318
273
293
266
353
308
249
264
381
344
359
311
305
Running experiment 17...
Experiment 17 completed.
316
298
277
263
285
299
331
303
284
320
311
274
352
307
281
269
Running experiment 18...
Experiment 18 completed.
334
277
287
246
278
267
247
248
284
279
231
292
285
254
264
256
Running experiment 19...
Experiment 19 completed.
278
261
289
254
272
311
284
313
271
295
298
282
287
285
273
291
Running experiment 20...
Experiment 20 completed.
271
309
319
270
279
272
295
280
393
279
290
353
270
261
269
314
Average:     CPU    %usr   %nice    %sys %iowait    %irq   %soft  %steal  %guest  %gnice   %idle
Average:     all    4.07    0.00   16.71    0.02    0.00   26.54    0.05    0.00    0.00   52.62
Average:       0    4.14    0.00   20.36    0.00    0.00   19.67    0.06    0.00    0.00   55.76
Average:       1    3.93    0.00   21.36    0.00    0.00   23.79    0.07    0.00    0.00   50.85
Average:       2    4.83    0.00   12.66    0.06    0.00   16.73    0.06    0.00    0.00   65.65
Average:       3    3.24    0.00   11.63    0.00    0.00   50.08    0.00    0.00    0.00   35.05

Average:     CPU    %usr   %nice    %sys %iowait    %irq   %soft  %steal  %guest  %gnice   %idle
Average:     all    4.07    0.00   17.06    0.06    0.00   29.06    0.06    0.00    0.00   49.69
Average:       0    4.18    0.00   21.12    0.12    0.00   23.57    0.06    0.00    0.00   50.95
Average:       1    3.74    0.00   21.26    0.00    0.00   25.37    0.06    0.00    0.00   49.57
Average:       2    4.76    0.00   13.33    0.06    0.00   18.74    0.06    0.00    0.00   63.06
Average:       3    3.49    0.00   11.69    0.07    0.00   52.72    0.07    0.00    0.00   31.95

Average:     CPU    %usr   %nice    %sys %iowait    %irq   %soft  %steal  %guest  %gnice   %idle
Average:     all    4.31    0.00   16.44    0.08    0.00   25.42    0.06    0.00    0.00   53.69
Average:       0    4.41    0.00   20.98    0.06    0.00   21.70    0.06    0.00    0.00   52.78
Average:       1    4.26    0.00   21.82    0.00    0.00   27.01    0.06    0.00    0.00   46.85
Average:       2    4.93    0.00   11.04    0.18    0.00   11.74    0.06    0.00    0.00   72.05
Average:       3    3.45    0.00   11.30    0.07    0.00   45.12    0.07    0.00    0.00   39.99

Average:     CPU    %usr   %nice    %sys %iowait    %irq   %soft  %steal  %guest  %gnice   %idle
Average:     all    4.01    0.00   16.05    0.06    0.00   26.71    0.03    0.00    0.00   53.13
Average:       0    4.00    0.00   19.37    0.12    0.00   22.40    0.06    0.00    0.00   54.06
Average:       1    3.57    0.00   18.67    0.06    0.00   19.13    0.06    0.00    0.00   58.51
Average:       2    5.58    0.00   13.31    0.06    0.00   20.08    0.00    0.00    0.00   60.97
Average:       3    2.71    0.00   12.21    0.00    0.00   48.93    0.00    0.00    0.00   36.14

Average:     CPU    %usr   %nice    %sys %iowait    %irq   %soft  %steal  %guest  %gnice   %idle
Average:     all    3.57    0.00   14.59    0.05    0.00   22.88    0.03    0.00    0.00   58.89
Average:       0    3.16    0.00   19.77    0.00    0.00   20.86    0.06    0.00    0.00   56.14
Average:       1    3.59    0.00   19.05    0.00    0.00   19.05    0.06    0.00    0.00   58.24
Average:       2    3.88    0.00   10.41    0.12    0.00   12.11    0.00    0.00    0.00   73.49
Average:       3    3.63    0.00    8.14    0.07    0.00   43.24    0.00    0.00    0.00   44.91

Average:     CPU    %usr   %nice    %sys %iowait    %irq   %soft  %steal  %guest  %gnice   %idle
Average:     all    5.65    0.00   16.93    0.11    0.00   28.00    0.06    0.00    0.00   49.25
Average:       0    5.85    0.00   18.85    0.17    0.00   17.32    0.06    0.00    0.00   57.75
Average:       1    4.95    0.00   19.20    0.06    0.00   21.35    0.06    0.00    0.00   54.38
Average:       2    5.24    0.00   17.34    0.12    0.00   23.06    0.06    0.00    0.00   54.18
Average:       3    6.68    0.00   11.58    0.07    0.00   54.02    0.07    0.00    0.00   27.59

Average:     CPU    %usr   %nice    %sys %iowait    %irq   %soft  %steal  %guest  %gnice   %idle
Average:     all    7.74    0.00   16.26    0.15    0.00   28.36    0.04    0.00    0.00   47.45
Average:       0    5.29    0.00   21.15    0.00    0.00   23.65    0.06    0.00    0.00   49.85
Average:       1    4.84    0.00   20.31    0.06    0.00   24.79    0.06    0.00    0.00   49.94
Average:       2   11.23    0.00   13.05    0.40    0.00   14.12    0.06    0.00    0.00   61.15
Average:       3    9.56    0.00   10.21    0.13    0.00   53.55    0.00    0.00    0.00   26.55

Average:     CPU    %usr   %nice    %sys %iowait    %irq   %soft  %steal  %guest  %gnice   %idle
Average:     all    5.79    0.00   17.76    0.08    0.00   29.87    0.05    0.00    0.00   46.45
Average:       0    5.78    0.00   21.75    0.06    0.00   21.93    0.06    0.00    0.00   50.42
Average:       1    5.87    0.00   21.34    0.06    0.00   21.81    0.06    0.00    0.00   50.86
Average:       2    5.97    0.00   15.38    0.12    0.00   21.11    0.06    0.00    0.00   57.36
Average:       3    5.53    0.00   11.92    0.07    0.00   57.46    0.00    0.00    0.00   25.03

Average:     CPU    %usr   %nice    %sys %iowait    %irq   %soft  %steal  %guest  %gnice   %idle
Average:     all    3.57    0.00   14.99    0.00    0.00   22.76    0.09    0.00    0.00   58.58
Average:       0    3.83    0.00   18.75    0.00    0.00   20.69    0.06    0.00    0.00   56.66
Average:       1    3.15    0.00   18.51    0.00    0.00   19.29    0.12    0.00    0.00   58.93
Average:       2    4.27    0.00   11.22    0.00    0.00   12.39    0.06    0.00    0.00   72.06
Average:       3    2.91    0.00   10.90    0.00    0.00   42.37    0.15    0.00    0.00   43.68

Average:     CPU    %usr   %nice    %sys %iowait    %irq   %soft  %steal  %guest  %gnice   %idle
Average:     all    4.29    0.00   17.93    0.05    0.00   28.84    0.06    0.00    0.00   48.83
Average:       0    4.18    0.00   23.82    0.12    0.00   30.15    0.06    0.00    0.00   41.66
Average:       1    4.00    0.00   24.08    0.06    0.00   25.29    0.06    0.00    0.00   46.51
Average:       2    4.63    0.00   12.29    0.00    0.00   12.23    0.06    0.00    0.00   70.80
Average:       3    4.31    0.00   10.74    0.00    0.00   52.81    0.07    0.00    0.00   32.07

Average:     CPU    %usr   %nice    %sys %iowait    %irq   %soft  %steal  %guest  %gnice   %idle
Average:     all    3.93    0.00   15.75    0.05    0.00   26.50    0.08    0.00    0.00   53.69
Average:       0    4.71    0.00   18.59    0.12    0.00   18.18    0.06    0.00    0.00   58.35
Average:       1    3.67    0.00   17.51    0.06    0.00   21.54    0.12    0.00    0.00   57.10
Average:       2    4.04    0.00   14.73    0.00    0.00   19.07    0.06    0.00    0.00   62.10
Average:       3    3.18    0.00   11.46    0.00    0.00   51.06    0.07    0.00    0.00   34.23

Average:     CPU    %usr   %nice    %sys %iowait    %irq   %soft  %steal  %guest  %gnice   %idle
Average:     all    4.33    0.00   17.93    0.09    0.00   32.05    0.08    0.00    0.00   45.51
Average:       0    4.74    0.00   19.40    0.06    0.00   24.86    0.06    0.00    0.00   50.87
Average:       1    4.97    0.00   19.82    0.17    0.00   19.47    0.11    0.00    0.00   55.45
Average:       2    4.27    0.00   19.90    0.12    0.00   24.60    0.06    0.00    0.00   51.04
Average:       3    3.16    0.00   11.76    0.00    0.00   63.82    0.07    0.00    0.00   21.18

Average:     CPU    %usr   %nice    %sys %iowait    %irq   %soft  %steal  %guest  %gnice   %idle
Average:     all    4.28    0.00   16.49    0.06    0.00   28.90    0.05    0.00    0.00   50.22
Average:       0    3.45    0.00   20.40    0.00    0.00   21.73    0.06    0.00    0.00   54.36
Average:       1    4.80    0.00   19.21    0.12    0.00   22.03    0.06    0.00    0.00   53.78
Average:       2    4.82    0.00   15.02    0.12    0.00   19.11    0.06    0.00    0.00   60.87
Average:       3    3.99    0.00   10.40    0.00    0.00   56.91    0.00    0.00    0.00   28.70

Average:     CPU    %usr   %nice    %sys %iowait    %irq   %soft  %steal  %guest  %gnice   %idle
Average:     all    7.50    0.00   15.63    0.17    0.00   29.56    0.03    0.00    0.00   47.11
Average:       0   10.37    0.00   17.40    0.35    0.00   18.69    0.06    0.00    0.00   53.13

Average:     CPU    %usr   %nice    %sys %iowait    %irq   %soft  %steal  %guest  %gnice   %idle
Average:     all    8.04    0.00   17.40    0.15    0.00   29.63    0.09    0.00    0.00   44.69
Average:       0    5.54    0.00   22.29    0.06    0.00   29.31    0.12    0.00    0.00   42.67
Average:       1    9.93    0.00   19.30    0.17    0.00   15.66    0.11    0.00    0.00   54.82
Average:       2    8.83    0.00   16.77    0.24    0.00   19.13    0.06    0.00    0.00   54.97
Average:       3    7.64    0.00   10.85    0.13    0.00   57.23    0.06    0.00    0.00   24.08

Average:     CPU    %usr   %nice    %sys %iowait    %irq   %soft  %steal  %guest  %gnice   %idle
Average:     all    5.43    0.00   16.00    0.12    0.00   25.30    0.06    0.00    0.00   53.08
Average:       0    3.83    0.00   20.28    0.00    0.00   27.75    0.06    0.00    0.00   48.09
Average:       1    5.30    0.00   19.74    0.06    0.00   16.25    0.06    0.00    0.00   58.59
Average:       2    6.66    0.00   13.19    0.29    0.00   13.54    0.06    0.00    0.00   66.26
Average:       3    5.87    0.00   10.22    0.14    0.00   47.38    0.07    0.00    0.00   36.33

Average:     CPU    %usr   %nice    %sys %iowait    %irq   %soft  %steal  %guest  %gnice   %idle
Average:     all    5.04    0.00   17.01    0.12    0.00   29.49    0.06    0.00    0.00   48.28
Average:       0    5.09    0.00   22.89    0.12    0.00   29.84    0.06    0.00    0.00   42.00
Average:       1    4.69    0.00   22.78    0.06    0.00   23.76    0.06    0.00    0.00   48.65
Average:       2    5.80    0.00   11.60    0.17    0.00   14.17    0.06    0.00    0.00   68.21
Average:       3    4.43    0.00    9.85    0.14    0.00   55.45    0.07    0.00    0.00   30.05

Average:     CPU    %usr   %nice    %sys %iowait    %irq   %soft  %steal  %guest  %gnice   %idle
Average:     all    4.10    0.00   14.15    0.05    0.00   24.41    0.08    0.00    0.00   57.22
Average:       0    3.79    0.00   17.83    0.00    0.00   22.16    0.12    0.00    0.00   56.11
Average:       1    3.54    0.00   18.44    0.00    0.00   21.73    0.06    0.00    0.00   56.23
Average:       2    5.24    0.00   10.08    0.12    0.00   14.51    0.06    0.00    0.00   69.99
Average:       3    3.68    0.00    9.50    0.08    0.00   43.60    0.08    0.00    0.00   43.07

Average:     CPU    %usr   %nice    %sys %iowait    %irq   %soft  %steal  %guest  %gnice   %idle
Average:     all    5.84    0.00   15.64    0.06    0.00   28.35    0.08    0.00    0.00   50.02
Average:       0    6.06    0.00   16.84    0.00    0.00   17.87    0.12    0.00    0.00   59.12
Average:       1    5.97    0.00   17.11    0.00    0.00   22.01    0.06    0.00    0.00   54.84
Average:       2    6.22    0.00   16.16    0.19    0.00   24.43    0.06    0.00    0.00   52.95
Average:       3    5.01    0.00   12.00    0.07    0.00   52.15    0.07    0.00    0.00   30.70

Average:     CPU    %usr   %nice    %sys %iowait    %irq   %soft  %steal  %guest  %gnice   %idle
Average:     all    4.39    0.00   16.52    0.10    0.00   27.33    0.02    0.00    0.00   51.64
Average:       0    4.10    0.00   22.22    0.13    0.00   24.68    0.00    0.00    0.00   48.86
Average:       1    4.46    0.00   21.21    0.00    0.00   24.14    0.00    0.00    0.00   50.19
Average:       2    5.37    0.00   11.39    0.24    0.00   12.87    0.06    0.00    0.00   70.07
Average:       3    3.40    0.00   10.72    0.00    0.00   52.75    0.00    0.00    0.00   33.13



Numbers grid:
302 285 309 263 267 302 252 267 256 294 261 285 289 267 266 304 318 265 292 231
323 275 275 231 273 278 287 297 310 265 284 395 281 291 313 282 292 258 252 284
261 251 267 269 255 260 272 250 256 329 272 273 330 350 279 279 382 271 285 261
257 292 319 349 256 267 285 247 301 276 235 229 215 222 258 236 241 234 234 309
274 293 240 319 278 292 298 214 211 259 263 265 321 304 295 250 349 275 291 252
259 299 298 284 266 262 270 283 252 307 292 328 275 339 299 310 228 277 311 265
292 292 286 218 322 255 285 302 235 231 260 251 279 227 290 242 222 261 241 346
280 228 260 237 291 269 321 332 289 279 288 281 289 312 294 259 288 305 311 303
295 326 277 267 285 294 306 255 269 214 294 279 304 368 332 306 301 300 382 359
280 295 293 304 320 290 294 304 285 354 301 319 287 311 437 324 322 272 302 308
347 298 290 271 224 254 289 386 Average: 1 8.75 0.00 16.51 0.17 0.00 19.29 0.06 0.00 0.00 55.21
Average: 2 4.71 0.00 17.60 0.06 0.00 26.79 0.00 0.00 0.00 50.84 Average: 3 5.94 0.00 10.52 0.07 0.00 56.30
0.00 0.00 0.00 27.17 304 276 323 267 332 301 330 257 333 281 399 274 286 289 280 263
246 258 288 347 261 253 265 321 274 278 357 265 315 315 282 285 318 273 293 266
353 308 249 264 381 344 359 311 305 316 298 277 263 285 299 331 303 284 320 311
274 352 307 281 269 334 277 287 246 278 267 247 248 284 279 231 292 285 254 264
256 278 261 289 254 272 311 284 313 271 295 298 282 287 285 273 291 271 309 319
270 279 272 295 280 393 279 290 353 270 261 269 314
Core 0 idle: 
55.76
50.95
52.78
54.06
56.14
57.75
49.85
50.42
56.66
41.66
58.35
50.87
54.36
53.13
42.67
48.09
42.00
56.11
59.12
48.86
Core 0 soft: 
19.67
23.57
21.70
22.40
20.86
17.32
23.65
21.93
20.69
30.15
18.18
24.86
21.73
18.69
29.31
27.75
29.84
22.16
17.87
24.68
Core 0 sys: 
20.36
21.12
20.98
19.37
19.77
18.85
21.15
21.75
18.75
23.82
18.59
19.40
20.40
17.40
22.29
20.28
22.89
17.83
16.84
22.22
Core 0 usr: 
4.14
4.18
4.41
4.00
3.16
5.85
5.29
5.78
3.83
4.18
4.71
4.74
3.45
10.37
5.54
3.83
5.09
3.79
6.06
4.10
Core 1 idle: 
50.85
49.57
46.85
58.51
58.24
54.38
49.94
50.86
58.93
46.51
57.10
55.45
53.78
54.82
58.59
48.65
56.23
54.84
50.19
Core 1 soft: 
23.79
25.37
27.01
19.13
19.05
21.35
24.79
21.81
19.29
25.29
21.54
19.47
22.03
15.66
16.25
23.76
21.73
22.01
24.14
Core 1 sys: 
21.36
21.26
21.82
18.67
19.05
19.20
20.31
21.34
18.51
24.08
17.51
19.82
19.21
19.30
19.74
22.78
18.44
17.11
21.21
Core 1 usr: 
3.93
3.74
4.26
3.57
3.59
4.95
4.84
5.87
3.15
4.00
3.67
4.97
4.80
9.93
5.30
4.69
3.54
5.97
4.46
Core 2 idle: 
65.65
63.06
72.05
60.97
73.49
54.18
61.15
57.36
72.06
70.80
62.10
51.04
60.87
54.97
66.26
68.21
69.99
52.95
70.07
Core 2 soft: 
16.73
18.74
11.74
20.08
12.11
23.06
14.12
21.11
12.39
12.23
19.07
24.60
19.11
19.13
13.54
14.17
14.51
24.43
12.87
Core 2 sys: 
12.66
13.33
11.04
13.31
10.41
17.34
13.05
15.38
11.22
12.29
14.73
19.90
15.02
16.77
13.19
11.60
10.08
16.16
11.39
Core 2 usr: 
4.83
4.76
4.93
5.58
3.88
5.24
11.23
5.97
4.27
4.63
4.04
4.27
4.82
8.83
6.66
5.80
5.24
6.22
5.37
Core 3 idle: 
35.05
31.95
39.99
36.14
44.91
27.59
26.55
25.03
43.68
32.07
34.23
21.18
28.70
24.08
36.33
30.05
43.07
30.70
33.13
Core 3 soft: 
50.08
52.72
45.12
48.93
43.24
54.02
53.55
57.46
42.37
52.81
51.06
63.82
56.91
57.23
47.38
55.45
43.60
52.15
52.75
Core 3 sys: 
11.63
11.69
11.30
12.21
8.14
11.58
10.21
11.92
10.90
10.74
11.46
11.76
10.40
10.85
10.22
9.85
9.50
12.00
10.72
Core 3 usr: 
3.24
3.49
3.45
2.71
3.63
6.68
9.56
5.53
2.91
4.31
3.18
3.16
3.99
7.64
5.87
4.43
3.68
5.01
3.40
