Running experiment 1...
Experiment 1 completed.
596
650
664
643
647
592
678
614
Running experiment 2...
Experiment 2 completed.
588
710
599
674
672
650
704
642
Running experiment 3...
Experiment 3 completed.
747
506
557
602
664
521
597
533
Running experiment 4...
Experiment 4 completed.
658
635
636
648
617
652
643
663
Running experiment 5...
Experiment 5 completed.
639
649
622
613
648
605
620
626
Running experiment 6...
Experiment 6 completed.
528
549
543
511
595
578
577
549
Running experiment 7...
Experiment 7 completed.
529
530
608
592
547
598
599
523
Running experiment 8...
Experiment 8 completed.
631
608
549
555
566
576
641
588
Running experiment 9...
Experiment 9 completed.
659
637
649
703
604
646
622
665
Running experiment 10...
Experiment 10 completed.
578
586
603
601
508
487
555
566
Running experiment 11...
Experiment 11 completed.
634
669
698
690
688
653
703
676
Running experiment 12...
Experiment 12 completed.
619
594
669
657
620
550
668
598
Running experiment 13...
Experiment 13 completed.
664
680
648
644
641
647
682
666
Running experiment 14...
Experiment 14 completed.
655
687
674
706
688
663
662
702
Running experiment 15...
Experiment 15 completed.
674
673
709
680
658
654
642
690
Running experiment 16...
Experiment 16 completed.
674
688
697
650
675
638
660
691
Running experiment 17...
Experiment 17 completed.
545
587
598
539
584
579
517
490
Running experiment 18...
Experiment 18 completed.
605
647
585
577
619
563
574
618
Running experiment 19...
Experiment 19 completed.
624
623
601
645
632
648
659
632
Running experiment 20...
Experiment 20 completed.
608
640
626
690
618
651
631
594
Average:     CPU    %usr   %nice    %sys %iowait    %irq   %soft  %steal  %guest  %gnice   %idle
Average:     all    4.12    0.00   11.72    0.11    0.00   21.39    0.03    0.00    0.00   62.64
Average:       0    4.74    0.00   11.82    0.30    0.00   14.47    0.06    0.00    0.00   68.61
Average:       1    4.58    0.00   10.70    0.06    0.00   11.32    0.06    0.00    0.00   73.29
Average:       2    3.06    0.00   13.72    0.06    0.00   18.25    0.00    0.00    0.00   64.91
Average:       3    4.02    0.00   10.53    0.00    0.00   46.56    0.00    0.00    0.00   38.89

Average:     CPU    %usr   %nice    %sys %iowait    %irq   %soft  %steal  %guest  %gnice   %idle
Average:     all    3.33    0.00   13.21    0.08    0.00   22.44    0.00    0.00    0.00   60.94
Average:       0    3.61    0.00   13.49    0.12    0.00   15.41    0.00    0.00    0.00   67.37
Average:       1    4.04    0.00   12.24    0.11    0.00   11.84    0.00    0.00    0.00   71.77
Average:       2    2.65    0.00   14.63    0.06    0.00   17.90    0.00    0.00    0.00   64.75
Average:       3    2.88    0.00   12.41    0.00    0.00   50.95    0.00    0.00    0.00   33.76

Average:     CPU    %usr   %nice    %sys %iowait    %irq   %soft  %steal  %guest  %gnice   %idle
Average:     all    3.90    0.00   10.14    0.03    0.00   16.61    0.02    0.00    0.00   69.30
Average:       0    6.12    0.00   13.92    0.06    0.00   12.36    0.00    0.00    0.00   67.53
Average:       1    2.39    0.00   12.98    0.06    0.00   16.72    0.06    0.00    0.00   67.79
Average:       2    3.42    0.00    5.62    0.00    0.00    8.99    0.00    0.00    0.00   81.97
Average:       3    3.49    0.00    7.45    0.00    0.00   32.73    0.00    0.00    0.00   56.34

Average:     CPU    %usr   %nice    %sys %iowait    %irq   %soft  %steal  %guest  %gnice   %idle
Average:     all    2.49    0.00   12.64    0.08    0.00   21.30    0.00    0.00    0.00   63.48
Average:       0    2.23    0.00   10.17    0.11    0.00    9.66    0.00    0.00    0.00   77.83
Average:       1    2.65    0.00   10.01    0.12    0.00   10.54    0.00    0.00    0.00   76.69
Average:       2    2.79    0.00   17.35    0.00    0.00   23.37    0.00    0.00    0.00   56.49
Average:       3    2.29    0.00   13.67    0.08    0.00   48.36    0.00    0.00    0.00   35.60

Average:     CPU    %usr   %nice    %sys %iowait    %irq   %soft  %steal  %guest  %gnice   %idle
Average:     all    4.30    0.00   11.70    0.06    0.00   20.92    0.03    0.00    0.00   62.99
Average:       0    3.34    0.00   13.95    0.12    0.00   17.59    0.00    0.00    0.00   65.01
Average:       1    6.34    0.00   13.04    0.06    0.00   14.82    0.06    0.00    0.00   65.68
Average:       2    3.79    0.00   10.16    0.06    0.00   13.58    0.00    0.00    0.00   72.42
Average:       3    3.48    0.00    9.03    0.00    0.00   43.07    0.08    0.00    0.00   44.34

Average:     CPU    %usr   %nice    %sys %iowait    %irq   %soft  %steal  %guest  %gnice   %idle
Average:     all    4.30    0.00   10.53    0.15    0.00   15.47    0.00    0.00    0.00   69.55
Average:       0    3.71    0.00   15.35    0.00    0.00   11.64    0.00    0.00    0.00   69.31
Average:       1    3.10    0.00   14.34    0.00    0.00   21.85    0.00    0.00    0.00   60.71
Average:       2    5.52    0.00    5.69    0.44    0.00    4.42    0.00    0.00    0.00   83.92
Average:       3    4.86    0.00    5.95    0.15    0.00   28.26    0.00    0.00    0.00   60.77

Average:     CPU    %usr   %nice    %sys %iowait    %irq   %soft  %steal  %guest  %gnice   %idle
Average:     all    4.35    0.00   11.28    0.20    0.00   17.53    0.02    0.00    0.00   66.61
Average:       0    3.90    0.00   12.97    0.30    0.00   15.01    0.00    0.00    0.00   67.83
Average:       1    4.42    0.00   12.34    0.23    0.00   13.08    0.06    0.00    0.00   69.88
Average:       2    4.39    0.00    9.48    0.12    0.00   11.38    0.00    0.00    0.00   74.63
Average:       3    4.78    0.00   10.09    0.15    0.00   34.23    0.00    0.00    0.00   50.75

Average:     CPU    %usr   %nice    %sys %iowait    %irq   %soft  %steal  %guest  %gnice   %idle
Average:     all    2.89    0.00    9.91    0.08    0.00   17.96    0.02    0.00    0.00   69.16
Average:       0    3.31    0.00    7.85    0.00    0.00    9.83    0.00    0.00    0.00   79.01
Average:       1    3.50    0.00    7.74    0.17    0.00    7.80    0.06    0.00    0.00   80.72
Average:       2    2.52    0.00   12.40    0.06    0.00   19.07    0.00    0.00    0.00   65.95
Average:       3    1.95    0.00   12.46    0.08    0.00   40.62    0.00    0.00    0.00   44.89

Average:     CPU    %usr   %nice    %sys %iowait    %irq   %soft  %steal  %guest  %gnice   %idle
Average:     all    3.33    0.00   11.89    0.06    0.00   21.17    0.00    0.00    0.00   63.54
Average:       0    3.99    0.00   14.83    0.06    0.00   17.01    0.00    0.00    0.00   64.11
Average:       1    3.00    0.00   13.14    0.12    0.00   15.72    0.00    0.00    0.00   68.03
Average:       2    3.44    0.00    9.78    0.06    0.00   14.48    0.00    0.00    0.00   72.24
Average:       3    2.82    0.00    9.31    0.00    0.00   42.18    0.00    0.00    0.00   45.70

Average:     CPU    %usr   %nice    %sys %iowait    %irq   %soft  %steal  %guest  %gnice   %idle
Average:     all    3.02    0.00   10.37    0.08    0.00   16.04    0.02    0.00    0.00   70.48
Average:       0    3.23    0.00   13.02    0.00    0.00   10.64    0.00    0.00    0.00   73.12
Average:       1    3.01    0.00   11.91    0.06    0.00   14.86    0.06    0.00    0.00   70.10
Average:       2    2.69    0.00    7.29    0.18    0.00   11.00    0.00    0.00    0.00   78.84
Average:       3    3.19    0.00    8.79    0.08    0.00   31.52    0.00    0.00    0.00   56.42

Average:     CPU    %usr   %nice    %sys %iowait    %irq   %soft  %steal  %guest  %gnice   %idle
Average:     all    3.36    0.00   12.77    0.03    0.00   23.37    0.00    0.00    0.00   60.47
Average:       0    4.07    0.00   18.96    0.06    0.00   26.10    0.00    0.00    0.00   50.81
Average:       1    3.92    0.00   20.37    0.00    0.00   29.50    0.00    0.00    0.00   46.21
Average:       2    2.88    0.00    4.84    0.06    0.00    6.22    0.00    0.00    0.00   85.99
Average:       3    2.39    0.00    6.19    0.00    0.00   36.47    0.00    0.00    0.00   54.95

Average:     CPU    %usr   %nice    %sys %iowait    %irq   %soft  %steal  %guest  %gnice   %idle
Average:     all    5.64    0.00   12.44    0.14    0.00   21.97    0.03    0.00    0.00   59.78
Average:       0    4.63    0.00   15.52    0.06    0.00   17.74    0.06    0.00    0.00   62.00
Average:       1    4.59    0.00   13.96    0.12    0.00   15.02    0.06    0.00    0.00   66.25
Average:       2    7.60    0.00   10.19    0.24    0.00   15.78    0.00    0.00    0.00   66.20
Average:       3    5.77    0.00    9.61    0.14    0.00   42.99    0.00    0.00    0.00   41.49

Average:     CPU    %usr   %nice    %sys %iowait    %irq   %soft  %steal  %guest  %gnice   %idle
Average:     all    4.55    0.00   12.99    0.05    0.00   22.95    0.02    0.00    0.00   59.45
Average:       0    4.00    0.00   15.90    0.06    0.00   15.85    0.06    0.00    0.00   64.13
Average:       1    3.11    0.00   17.89    0.00    0.00   26.71    0.00    0.00    0.00   52.28
Average:       2    4.99    0.00    9.22    0.12    0.00   12.29    0.00    0.00    0.00   73.39
Average:       3    6.45    0.00    8.19    0.00    0.00   41.81    0.00    0.00    0.00   43.55

Average:     CPU    %usr   %nice    %sys %iowait    %irq   %soft  %steal  %guest  %gnice   %idle
Average:     all    3.24    0.00   14.22    0.03    0.00   22.06    0.03    0.00    0.00   60.41
Average:       0    3.22    0.00   20.54    0.06    0.00   22.22    0.00    0.00    0.00   53.96
Average:       1    3.43    0.00   18.77    0.00    0.00   19.06    0.06    0.00    0.00   58.67
Average:       2    3.48    0.00    7.66    0.06    0.00    9.96    0.06    0.00    0.00   78.79
Average:       3    2.69    0.00    9.05    0.00    0.00   42.71    0.00    0.00    0.00   45.56

Average:     CPU    %usr   %nice    %sys %iowait    %irq   %soft  %steal  %guest  %gnice   %idle
Average:     all    3.27    0.00   12.75    0.05    0.00   23.07    0.03    0.00    0.00   60.83
Average:       0    3.26    0.00   14.09    0.00    0.00   19.82    0.06    0.00    0.00   62.77
Average:       1    3.27    0.00   14.50    0.00    0.00   17.88    0.00    0.00    0.00   64.35
Average:       2    3.63    0.00   10.82    0.12    0.00   15.84    0.06    0.00    0.00   69.53
Average:       3    2.81    0.00   11.22    0.08    0.00   43.34    0.00    0.00    0.00   42.56

Average:     CPU    %usr   %nice    %sys %iowait    %irq   %soft  %steal  %guest  %gnice   %idle
Average:     all    3.52    0.00   12.55    0.06    0.00   24.23    0.00    0.00    0.00   59.64
Average:       0    4.05    0.00   12.68    0.06    0.00   16.25    0.00    0.00    0.00   66.96
Average:       1    3.99    0.00   12.08    0.12    0.00   17.26    0.00    0.00    0.00   66.55
Average:       2    2.81    0.00   13.29    0.06    0.00   21.77    0.00    0.00    0.00   62.07
Average:       3    3.13    0.00   12.06    0.00    0.00   46.41    0.00    0.00    0.00   38.40

Average:     CPU    %usr   %nice    %sys %iowait    %irq   %soft  %steal  %guest  %gnice   %idle
Average:     all    2.69    0.00   10.27    0.06    0.00   15.45    0.02    0.00    0.00   71.52
Average:       0    2.74    0.00   13.92    0.06    0.00   15.20    0.00    0.00    0.00   68.09
Average:       1    2.08    0.00   13.38    0.06    0.00   14.42    0.00    0.00    0.00   70.07
Average:       2    3.12    0.00    5.96    0.12    0.00    7.58    0.06    0.00    0.00   83.17
Average:       3    2.88    0.00    7.12    0.00    0.00   28.08    0.00    0.00    0.00   61.92

Average:     CPU    %usr   %nice    %sys %iowait    %irq   %soft  %steal  %guest  %gnice   %idle
Average:     all    4.86    0.00   12.55    0.08    0.00   19.49    0.02    0.00    0.00   63.01
Average:       0    4.27    0.00   14.32    0.06    0.00   13.09    0.00    0.00    0.00   68.26
Average:       1    4.58    0.00   13.93    0.06    0.00   15.24    0.00    0.00    0.00   66.19
Average:       2    4.97    0.00   11.13    0.00    0.00   13.14    0.06    0.00    0.00   70.69
Average:       3    5.79    0.00   10.40    0.22    0.00   40.59    0.00    0.00    0.00   43.00

Average:     CPU    %usr   %nice    %sys %iowait    %irq   %soft  %steal  %guest  %gnice   %idle
Average:     all    4.58    0.00   12.20    0.10    0.00   18.81    0.03    0.00    0.00   64.28
Average:       0    4.01    0.00   19.69    0.06    0.00   24.64    0.06    0.00    0.00   51.54
Average:       1    3.55    0.00   20.10    0.00    0.00   26.65    0.06    0.00    0.00   49.63
Average:       2    6.26    0.00    3.86    0.22    0.00    2.29    0.00    0.00    0.00   87.37
Average:       3    4.15    0.00    4.47    0.08    0.00   25.53    0.00    0.00    0.00   65.77

Average:     CPU    %usr   %nice    %sys %iowait    %irq   %soft  %steal  %guest  %gnice   %idle
Average:     all    2.74    0.00   11.17    0.02    0.00   18.49    0.02    0.00    0.00   67.57
Average:       0    3.02    0.00   11.96    0.00    0.00    9.76    0.05    0.00    0.00   75.21
Average:       1    2.40    0.00   12.99    0.00    0.00   17.97    0.00    0.00    0.00   66.65
Average:       2    2.80    0.00    9.48    0.06    0.00   13.36    0.00    0.00    0.00   74.30
Average:       3    2.71    0.00    9.99    0.00    0.00   38.11    0.00    0.00    0.00   49.19



Numbers grid:
596 650 664 643 647 592 678 614 588 710 599 674 672 650 704 642 747 506 557 602
664 521 597 533 658 635 636 648 617 652 643 663 639 649 622 613 648 605 620 626
528 549 543 511 595 578 577 549 529 530 608 592 547 598 599 523 631 608 549 555
566 576 641 588 659 637 649 703 604 646 622 665 578 586 603 601 508 487 555 566
634 669 698 690 688 653 703 676 619 594 669 657 620 550 668 598 664 680 648 644
641 647 682 666 655 687 674 706 688 663 662 702 674 673 709 680 658 654 642 690
674 688 697 650 675 638 660 691 545 587 598 539 584 579 517 490 605 647 585 577
619 563 574 618 624 623 601 645 632 648 659 632 608 640 626 690 618 651 631 594
Core 0 idle: 
68.61
67.37
67.53
77.83
65.01
69.31
67.83
79.01
64.11
73.12
50.81
62.00
64.13
53.96
62.77
66.96
68.09
68.26
51.54
75.21
Core 0 soft: 
14.47
15.41
12.36
9.66
17.59
11.64
15.01
9.83
17.01
10.64
26.10
17.74
15.85
22.22
19.82
16.25
15.20
13.09
24.64
9.76
Core 0 sys: 
11.82
13.49
13.92
10.17
13.95
15.35
12.97
7.85
14.83
13.02
18.96
15.52
15.90
20.54
14.09
12.68
13.92
14.32
19.69
11.96
Core 0 usr: 
4.74
3.61
6.12
2.23
3.34
3.71
3.90
3.31
3.99
3.23
4.07
4.63
4.00
3.22
3.26
4.05
2.74
4.27
4.01
3.02
Core 1 idle: 
73.29
71.77
67.79
76.69
65.68
60.71
69.88
80.72
68.03
70.10
46.21
66.25
52.28
58.67
64.35
66.55
70.07
66.19
49.63
66.65
Core 1 soft: 
11.32
11.84
16.72
10.54
14.82
21.85
13.08
7.80
15.72
14.86
29.50
15.02
26.71
19.06
17.88
17.26
14.42
15.24
26.65
17.97
Core 1 sys: 
10.70
12.24
12.98
10.01
13.04
14.34
12.34
7.74
13.14
11.91
20.37
13.96
17.89
18.77
14.50
12.08
13.38
13.93
20.10
12.99
Core 1 usr: 
4.58
4.04
2.39
2.65
6.34
3.10
4.42
3.50
3.00
3.01
3.92
4.59
3.11
3.43
3.27
3.99
2.08
4.58
3.55
2.40
Core 2 idle: 
64.91
64.75
81.97
56.49
72.42
83.92
74.63
65.95
72.24
78.84
85.99
66.20
73.39
78.79
69.53
62.07
83.17
70.69
87.37
74.30
Core 2 soft: 
18.25
17.90
8.99
23.37
13.58
4.42
11.38
19.07
14.48
11.00
6.22
15.78
12.29
9.96
15.84
21.77
7.58
13.14
2.29
13.36
Core 2 sys: 
13.72
14.63
5.62
17.35
10.16
5.69
9.48
12.40
9.78
7.29
4.84
10.19
9.22
7.66
10.82
13.29
5.96
11.13
3.86
9.48
Core 2 usr: 
3.06
2.65
3.42
2.79
3.79
5.52
4.39
2.52
3.44
2.69
2.88
7.60
4.99
3.48
3.63
2.81
3.12
4.97
6.26
2.80
Core 3 idle: 
38.89
33.76
56.34
35.60
44.34
60.77
50.75
44.89
45.70
56.42
54.95
41.49
43.55
45.56
42.56
38.40
61.92
43.00
65.77
49.19
Core 3 soft: 
46.56
50.95
32.73
48.36
43.07
28.26
34.23
40.62
42.18
31.52
36.47
42.99
41.81
42.71
43.34
46.41
28.08
40.59
25.53
38.11
Core 3 sys: 
10.53
12.41
7.45
13.67
9.03
5.95
10.09
12.46
9.31
8.79
6.19
9.61
8.19
9.05
11.22
12.06
7.12
10.40
4.47
9.99
Core 3 usr: 
4.02
2.88
3.49
2.29
3.48
4.86
4.78
1.95
2.82
3.19
2.39
5.77
6.45
2.69
2.81
3.13
2.88
5.79
4.15
2.71
