Running experiment 1...
Experiment 1 completed.
287
253
271
250
249
269
253
251
299
289
525
238
268
242
279
327
Running experiment 2...
Experiment 2 completed.
274
247
279
290
253
260
280
290
245
278
272
299
297
303
261
279
Running experiment 3...
Experiment 3 completed.
244
293
233
288
249
273
242
276
262
242
242
267
237
226
277
320
Running experiment 4...
Experiment 4 completed.
315
278
267
281
322
287
322
305
314
495
295
318
255
298
291
259
Running experiment 5...
Experiment 5 completed.
366
290
262
297
400
418
330
282
310
296
370
316
312
334
378
416
Running experiment 6...
Experiment 6 completed.
315
315
351
278
329
288
325
294
310
320
324
313
296
310
276
334
Running experiment 7...
Experiment 7 completed.
299
320
335
295
359
335
333
348
300
417
359
293
364
378
327
278
Running experiment 8...
Experiment 8 completed.
269
284
332
280
351
310
298
331
356
295
258
373
340
350
302
307
Running experiment 9...
Experiment 9 completed.
320
279
278
285
253
305
259
295
352
313
277
254
284
266
260
277
Running experiment 10...
Experiment 10 completed.
308
318
327
289
280
319
313
358
297
287
267
289
277
292
287
297
Running experiment 11...
Experiment 11 completed.
373
299
275
233
290
280
388
308
318
290
356
298
320
295
289
359
Running experiment 12...
Experiment 12 completed.
327
320
325
295
381
321
276
333
315
275
343
335
334
348
317
368
Running experiment 13...
Experiment 13 completed.
234
315
355
228
335
249
282
209
379
238
242
255
357
369
222
283
Running experiment 14...
Experiment 14 completed.
298
234
325
342
336
318
349
315
308
306
319
272
371
322
307
342
Running experiment 15...
Experiment 15 completed.
315
261
374
295
280
252
377
268
273
311
262
280
243
398
388
344
Running experiment 16...
Experiment 16 completed.
350
294
336
310
290
290
306
289
305
347
300
330
311
300
300
333
Running experiment 17...
Experiment 17 completed.
416
288
278
334
349
311
285
365
335
339
303
303
281
289
346
321
Running experiment 18...
Experiment 18 completed.
286
310
309
262
343
296
322
332
282
284
254
296
320
269
300
303
Running experiment 19...
Experiment 19 completed.
343
299
400
313
353
350
388
341
383
320
284
330
334
292
333
372
Running experiment 20...
Experiment 20 completed.
445
337
272
300
535
320
301
293
321
317
280
289
298
362
288
374
Average:     CPU    %usr   %nice    %sys %iowait    %irq   %soft  %steal  %guest  %gnice   %idle
Average:     all    6.60    0.00   13.54    0.15    0.00   24.29    0.03    0.00    0.00   55.38
Average:       0    3.47    0.00   19.00    0.00    0.00   28.01    0.06    0.00    0.00   49.45
Average:       1    3.55    0.00   18.23    0.12    0.00   27.72    0.00    0.00    0.00   50.38
Average:       2   12.70    0.00    7.93    0.39    0.00    7.98    0.06    0.00    0.00   70.94
Average:       3    6.25    0.00    8.72    0.07    0.00   35.99    0.00    0.00    0.00   48.97

Average:     CPU    %usr   %nice    %sys %iowait    %irq   %soft  %steal  %guest  %gnice   %idle
Average:     all    7.33    0.00   15.07    0.18    0.00   27.81    0.00    0.00    0.00   49.62
Average:       0    7.11    0.00   17.75    0.11    0.00   20.25    0.00    0.00    0.00   54.78
Average:       1    6.15    0.00   16.88    0.00    0.00   26.04    0.00    0.00    0.00   50.93
Average:       2    7.79    0.00   14.29    0.41    0.00   20.25    0.00    0.00    0.00   57.26
Average:       3    8.35    0.00   10.95    0.19    0.00   46.27    0.00    0.00    0.00   34.24

Average:     CPU    %usr   %nice    %sys %iowait    %irq   %soft  %steal  %guest  %gnice   %idle
Average:     all   24.75    0.00   12.89    0.15    0.00   25.12    0.03    0.00    0.00   37.06
Average:       0    4.55    0.00   20.35    0.07    0.00   29.58    0.07    0.00    0.00   45.38
Average:       1    8.58    0.00   18.70    0.06    0.00   24.52    0.06    0.00    0.00   48.07
Average:       2   42.47    0.00    7.92    0.29    0.00    4.68    0.00    0.00    0.00   44.64
Average:       3   40.13    0.00    5.72    0.18    0.00   42.64    0.00    0.00    0.00   11.33

Average:     CPU    %usr   %nice    %sys %iowait    %irq   %soft  %steal  %guest  %gnice   %idle
Average:     all   22.79    0.00   14.29    0.06    0.00   29.75    0.00    0.00    0.00   33.12
Average:       0   29.39    0.00   16.84    0.00    0.00   23.90    0.00    0.00    0.00   29.87
Average:       1   11.44    0.00   18.44    0.25    0.00   29.06    0.00    0.00    0.00   40.81
Average:       2   35.14    0.00   11.83    0.00    0.00   18.01    0.00    0.00    0.00   35.02
Average:       3   13.55    0.00    9.79    0.00    0.00   50.37    0.00    0.00    0.00   26.29

Average:     CPU    %usr   %nice    %sys %iowait    %irq   %soft  %steal  %guest  %gnice   %idle
Average:     all    5.51    3.94   15.07    0.09    0.00   28.40    0.02    0.00    0.00   46.98
Average:       0    4.43   14.61   11.39    0.12    0.00   16.96    0.00    0.00    0.00   52.50
Average:       1    9.94    0.23   18.69    0.00    0.00   16.08    0.00    0.00    0.00   55.06
Average:       2    4.03    0.00   18.75    0.12    0.00   28.86    0.06    0.00    0.00   48.17
Average:       3    3.08    0.07   11.02    0.14    0.00   56.33    0.00    0.00    0.00   29.36

Average:     CPU    %usr   %nice    %sys %iowait    %irq   %soft  %steal  %guest  %gnice   %idle
Average:     all    3.39    0.00   13.59    0.06    0.00   25.18    0.02    0.00    0.00   57.76
Average:       0    3.55    0.00   16.85    0.12    0.00   20.40    0.00    0.00    0.00   59.07
Average:       1    3.49    0.00   17.07    0.00    0.00   24.82    0.00    0.00    0.00   54.63
Average:       2    3.62    0.00   10.31    0.12    0.00   14.17    0.06    0.00    0.00   71.71
Average:       3    2.79    0.00    9.53    0.00    0.00   44.27    0.00    0.00    0.00   43.41

Average:     CPU    %usr   %nice    %sys %iowait    %irq   %soft  %steal  %guest  %gnice   %idle
Average:     all    3.91    0.00   14.31    0.09    0.00   27.93    0.00    0.00    0.00   53.75
Average:       0    4.56    0.00   21.55    0.06    0.00   33.13    0.00    0.00    0.00   40.70
Average:       1    4.01    0.00   19.38    0.06    0.00   26.26    0.00    0.00    0.00   50.30
Average:       2    4.34    0.00    8.28    0.17    0.00   10.05    0.00    0.00    0.00   77.17
Average:       3    2.46    0.00    7.14    0.07    0.00   47.02    0.00    0.00    0.00   43.30

Average:     CPU    %usr   %nice    %sys %iowait    %irq   %soft  %steal  %guest  %gnice   %idle
Average:     all    3.34    0.00   12.76    0.05    0.00   25.46    0.02    0.00    0.00   58.36
Average:       0    3.24    0.00   15.93    0.00    0.00   21.32    0.00    0.00    0.00   59.52
Average:       1    3.00    0.00   16.15    0.06    0.00   24.25    0.00    0.00    0.00   56.54
Average:       2    3.85    0.00   10.34    0.13    0.00   14.00    0.00    0.00    0.00   71.69
Average:       3    3.28    0.00    7.86    0.00    0.00   45.77    0.08    0.00    0.00   43.02

Average:     CPU    %usr   %nice    %sys %iowait    %irq   %soft  %steal  %guest  %gnice   %idle
Average:     all    8.45    0.00   14.26    0.22    0.00   26.07    0.00    0.00    0.00   50.99
Average:       0    4.83    0.00   18.96    0.12    0.00   30.70    0.00    0.00    0.00   45.38
Average:       1    6.18    0.00   17.29    0.06    0.00   20.63    0.00    0.00    0.00   55.84
Average:       2   14.69    0.00   10.82    0.50    0.00   10.88    0.00    0.00    0.00   63.10
Average:       3    7.70    0.00    9.86    0.19    0.00   44.59    0.00    0.00    0.00   37.66

Average:     CPU    %usr   %nice    %sys %iowait    %irq   %soft  %steal  %guest  %gnice   %idle
Average:     all    6.82    0.00   15.97    0.13    0.00   28.10    0.03    0.00    0.00   48.95
Average:       0    4.80    0.00   19.14    0.18    0.00   21.92    0.06    0.00    0.00   53.91
Average:       1    6.81    0.00   18.55    0.17    0.00   22.06    0.00    0.00    0.00   52.41
Average:       2    6.69    0.00   14.55    0.12    0.00   21.64    0.00    0.00    0.00   57.01
Average:       3    9.13    0.00   11.22    0.06    0.00   48.45    0.06    0.00    0.00   31.07

Average:     CPU    %usr   %nice    %sys %iowait    %irq   %soft  %steal  %guest  %gnice   %idle
Average:     all    6.99    0.00   14.06    0.05    0.00   27.26    0.05    0.00    0.00   51.59
Average:       0    9.94    0.00   11.21    0.00    0.00   15.20    0.06    0.00    0.00   63.58
Average:       1   10.29    0.00   11.85    0.12    0.00   15.76    0.06    0.00    0.00   61.93
Average:       2    3.81    0.00   19.76    0.00    0.00   32.78    0.06    0.00    0.00   43.58
Average:       3    2.80    0.00   13.92    0.07    0.00   50.36    0.00    0.00    0.00   32.86

Average:     CPU    %usr   %nice    %sys %iowait    %irq   %soft  %steal  %guest  %gnice   %idle
Average:     all    4.14    0.00   14.35    0.07    0.00   25.14    0.02    0.00    0.00   56.29
Average:       0    4.77    0.00   14.32    0.00    0.00   16.21    0.00    0.00    0.00   64.70
Average:       1    4.97    0.00   14.67    0.18    0.00   18.72    0.00    0.00    0.00   61.45
Average:       2    3.81    0.00   15.43    0.07    0.00   22.44    0.07    0.00    0.00   58.18
Average:       3    2.70    0.00   12.73    0.00    0.00   47.30    0.00    0.00    0.00   37.27

Average:     CPU    %usr   %nice    %sys %iowait    %irq   %soft  %steal  %guest  %gnice   %idle
Average:     all    6.47    0.00   11.95    0.08    0.00   23.72    0.03    0.00    0.00   57.75
Average:       0    3.81    0.00   15.24    0.06    0.00   18.76    0.06    0.00    0.00   62.08
Average:       1    3.04    0.00   14.28    0.06    0.00   22.54    0.06    0.00    0.00   60.02
Average:       2   14.49    0.00    8.59    0.18    0.00   16.25    0.00    0.00    0.00   60.49
Average:       3    4.00    0.00    9.33    0.00    0.00   40.00    0.00    0.00    0.00   46.67

Average:     CPU    %usr   %nice    %sys %iowait    %irq   %soft  %steal  %guest  %gnice   %idle
Average:     all    4.68    0.00   13.46    0.08    0.00   25.16    0.03    0.00    0.00   56.59
Average:       0    3.50    0.00   17.31    0.06    0.00   24.13    0.06    0.00    0.00   54.94
Average:       1    8.25    0.00   15.97    0.00    0.00   26.25    0.06    0.00    0.00   49.47
Average:       2    3.63    0.00    9.88    0.12    0.00   13.22    0.00    0.00    0.00   73.16
Average:       3    2.96    0.00   10.21    0.15    0.00   40.19    0.00    0.00    0.00   46.48

Average:     CPU    %usr   %nice    %sys %iowait    %irq   %soft  %steal  %guest  %gnice   %idle
Average:     all    3.12    0.00   12.10    0.00    0.00   21.22    0.03    0.00    0.00   63.54
Average:       0    3.19    0.00   17.15    0.00    0.00   21.42    0.06    0.00    0.00   58.18
Average:       1    3.25    0.00   16.44    0.00    0.00   26.85    0.00    0.00    0.00   53.46
Average:       2    3.29    0.00    6.57    0.00    0.00    7.08    0.06    0.00    0.00   83.00
Average:       3    2.63    0.00    7.57    0.00    0.00   33.00    0.00    0.00    0.00   56.80

Average:     CPU    %usr   %nice    %sys %iowait    %irq   %soft  %steal  %guest  %gnice   %idle
Average:     all    7.46    0.00   14.68    0.08    0.00   29.67    0.02    0.00    0.00   48.08
Average:       0    4.67    0.00   18.57    0.06    0.00   24.70    0.06    0.00    0.00   51.93
Average:       1    6.26    0.00   16.39    0.00    0.00   24.13    0.00    0.00    0.00   53.22
Average:       2   11.08    0.00   13.21    0.19    0.00   22.54    0.00    0.00    0.00   52.97
Average:       3    7.88    0.00   10.06    0.07    0.00   49.58    0.00    0.00    0.00   32.42

Average:     CPU    %usr   %nice    %sys %iowait    %irq   %soft  %steal  %guest  %gnice   %idle
Average:     all    7.42    0.00   15.01    0.26    0.00   27.42    0.00    0.00    0.00   49.89
Average:       0    4.68    0.00   20.36    0.06    0.00   28.09    0.00    0.00    0.00   46.81
Average:       1    3.80    0.00   18.75    0.00    0.00   30.74    0.00    0.00    0.00   46.71
Average:       2   11.12    0.00   10.78    0.73    0.00    9.88    0.00    0.00    0.00   67.49
Average:       3   10.09    0.00    9.95    0.20    0.00   43.82    0.00    0.00    0.00   35.94

Average:     CPU    %usr   %nice    %sys %iowait    %irq   %soft  %steal  %guest  %gnice   %idle
Average:     all    6.86    0.00   13.37    0.06    0.00   24.82    0.03    0.00    0.00   54.85
Average:       0    4.12    0.00   17.02    0.00    0.00   23.80    0.06    0.00    0.00   55.00
Average:       1    4.91    0.00   17.70    0.00    0.00   22.50    0.00    0.00    0.00   54.88
Average:       2   13.28    0.00    8.99    0.06    0.00   14.04    0.06    0.00    0.00   63.57
Average:       3    4.58    0.00    9.00    0.22    0.00   42.51    0.00    0.00    0.00   43.69

Average:     CPU    %usr   %nice    %sys %iowait    %irq   %soft  %steal  %guest  %gnice   %idle
Average:     all    4.24    0.00   13.24    0.03    0.00   26.85    0.02    0.00    0.00   55.63
Average:       0    3.97    0.00   16.36    0.06    0.00   21.95    0.00    0.00    0.00   57.67
Average:       1    4.12    0.00   15.64    0.06    0.00   27.40    0.06    0.00    0.00   52.72
Average:       2    4.87    0.00   10.47    0.00    0.00   15.10    0.00    0.00    0.00   69.55
Average:       3    3.94    0.00    9.86    0.00    0.00   46.38    0.00    0.00    0.00   39.81

Average:     CPU    %usr   %nice    %sys %iowait    %irq   %soft  %steal  %guest  %gnice   %idle
Average:     all    5.61    0.00   13.15    0.05    0.00   24.50    0.02    0.00    0.00   56.68
Average:       0    3.85    0.00   18.44    0.00    0.00   27.47    0.00    0.00    0.00   50.24
Average:       1    3.57    0.00   19.18    0.06    0.00   27.83    0.00    0.00    0.00   49.36
Average:       2    9.81    0.00    6.88    0.06    0.00    8.51    0.06    0.00    0.00   74.69
Average:       3    4.69    0.00    7.49    0.08    0.00   38.12    0.00    0.00    0.00   49.62



Numbers grid:
287 253 271 250 249 269 253 251 299 289 525 238 268 242 279 327 274 247 279 290
253 260 280 290 245 278 272 299 297 303 261 279 244 293 233 288 249 273 242 276
262 242 242 267 237 226 277 320 315 278 267 281 322 287 322 305 314 495 295 318
255 298 291 259 366 290 262 297 400 418 330 282 310 296 370 316 312 334 378 416
315 315 351 278 329 288 325 294 310 320 324 313 296 310 276 334 299 320 335 295
359 335 333 348 300 417 359 293 364 378 327 278 269 284 332 280 351 310 298 331
356 295 258 373 340 350 302 307 320 279 278 285 253 305 259 295 352 313 277 254
284 266 260 277 308 318 327 289 280 319 313 358 297 287 267 289 277 292 287 297
373 299 275 233 290 280 388 308 318 290 356 298 320 295 289 359 327 320 325 295
381 321 276 333 315 275 343 335 334 348 317 368 234 315 355 228 335 249 282 209
379 238 242 255 357 369 222 283 298 234 325 342 336 318 349 315 308 306 319 272
371 322 307 342 315 261 374 295 280 252 377 268 273 311 262 280 243 398 388 344
350 294 336 310 290 290 306 289 305 347 300 330 311 300 300 333 416 288 278 334
349 311 285 365 335 339 303 303 281 289 346 321 286 310 309 262 343 296 322 332
282 284 254 296 320 269 300 303 343 299 400 313 353 350 388 341 383 320 284 330
334 292 333 372 445 337 272 300 535 320 301 293 321 317 280 289 298 362 288 374
Core 0 idle: 
49.45
54.78
45.38
29.87
52.50
59.07
40.70
59.52
45.38
53.91
63.58
64.70
62.08
54.94
58.18
51.93
46.81
55.00
57.67
50.24
Core 0 soft: 
28.01
20.25
29.58
23.90
16.96
20.40
33.13
21.32
30.70
21.92
15.20
16.21
18.76
24.13
21.42
24.70
28.09
23.80
21.95
27.47
Core 0 sys: 
19.00
17.75
20.35
16.84
11.39
16.85
21.55
15.93
18.96
19.14
11.21
14.32
15.24
17.31
17.15
18.57
20.36
17.02
16.36
18.44
Core 0 usr: 
3.47
7.11
4.55
29.39
4.43
3.55
4.56
3.24
4.83
4.80
9.94
4.77
3.81
3.50
3.19
4.67
4.68
4.12
3.97
3.85
Core 1 idle: 
50.38
50.93
48.07
40.81
55.06
54.63
50.30
56.54
55.84
52.41
61.93
61.45
60.02
49.47
53.46
53.22
46.71
54.88
52.72
49.36
Core 1 soft: 
27.72
26.04
24.52
29.06
16.08
24.82
26.26
24.25
20.63
22.06
15.76
18.72
22.54
26.25
26.85
24.13
30.74
22.50
27.40
27.83
Core 1 sys: 
18.23
16.88
18.70
18.44
18.69
17.07
19.38
16.15
17.29
18.55
11.85
14.67
14.28
15.97
16.44
16.39
18.75
17.70
15.64
19.18
Core 1 usr: 
3.55
6.15
8.58
11.44
9.94
3.49
4.01
3.00
6.18
6.81
10.29
4.97
3.04
8.25
3.25
6.26
3.80
4.91
4.12
3.57
Core 2 idle: 
70.94
57.26
44.64
35.02
48.17
71.71
77.17
71.69
63.10
57.01
43.58
58.18
60.49
73.16
83.00
52.97
67.49
63.57
69.55
74.69
Core 2 soft: 
7.98
20.25
4.68
18.01
28.86
14.17
10.05
14.00
10.88
21.64
32.78
22.44
16.25
13.22
7.08
22.54
9.88
14.04
15.10
8.51
Core 2 sys: 
7.93
14.29
7.92
11.83
18.75
10.31
8.28
10.34
10.82
14.55
19.76
15.43
8.59
9.88
6.57
13.21
10.78
8.99
10.47
6.88
Core 2 usr: 
12.70
7.79
42.47
35.14
4.03
3.62
4.34
3.85
14.69
6.69
3.81
3.81
14.49
3.63
3.29
11.08
11.12
13.28
4.87
9.81
Core 3 idle: 
48.97
34.24
11.33
26.29
29.36
43.41
43.30
43.02
37.66
31.07
32.86
37.27
46.67
46.48
56.80
32.42
35.94
43.69
39.81
49.62
Core 3 soft: 
35.99
46.27
42.64
50.37
56.33
44.27
47.02
45.77
44.59
48.45
50.36
47.30
40.00
40.19
33.00
49.58
43.82
42.51
46.38
38.12
Core 3 sys: 
8.72
10.95
5.72
9.79
11.02
9.53
7.14
7.86
9.86
11.22
13.92
12.73
9.33
10.21
7.57
10.06
9.95
9.00
9.86
7.49
Core 3 usr: 
6.25
8.35
40.13
13.55
3.08
2.79
2.46
3.28
7.70
9.13
2.80
2.70
4.00
2.96
2.63
7.88
10.09
4.58
3.94
4.69
