Running experiment 1...
Experiment 1 completed.
298
266
294
261
241
278
280
278
270
241
255
293
284
251
317
264
Running experiment 2...
Experiment 2 completed.
282
251
279
242
292
232
243
261
304
279
293
287
254
252
246
244
Running experiment 3...
Experiment 3 completed.
275
281
276
297
295
264
309
279
263
275
337
270
296
297
331
287
Running experiment 4...
Experiment 4 completed.
292
315
317
300
270
292
300
297
289
273
256
302
328
289
283
344
Running experiment 5...
Experiment 5 completed.
301
343
273
332
361
284
272
281
304
264
299
268
349
290
333
305
Running experiment 6...
Experiment 6 completed.
275
271
274
326
286
326
269
315
283
303
344
326
291
294
332
298
Running experiment 7...
Experiment 7 completed.
340
266
264
300
343
303
292
253
295
273
315
264
263
314
274
319
Running experiment 8...
Experiment 8 completed.
314
301
292
286
344
319
298
284
328
326
376
301
281
324
282
283
Running experiment 9...
Experiment 9 completed.
273
294
306
328
330
276
273
301
324
255
280
296
305
273
270
301
Running experiment 10...
Experiment 10 completed.
388
337
327
356
302
330
281
323
252
312
316
307
453
272
349
300
Running experiment 11...
Experiment 11 completed.
261
379
356
308
289
348
288
330
310
317
287
267
350
315
336
301
Running experiment 12...
Experiment 12 completed.
331
306
319
336
376
322
322
318
376
315
306
359
318
314
319
315
Running experiment 13...
Experiment 13 completed.
241
330
331
294
343
291
228
292
324
334
312
293
293
302
323
291
Running experiment 14...
Experiment 14 completed.
308
311
323
280
314
342
295
294
315
299
277
305
354
327
247
249
Running experiment 15...
Experiment 15 completed.
290
306
281
305
317
357
328
318
356
313
336
292
313
327
333
330
Running experiment 16...
Experiment 16 completed.
308
291
294
286
322
267
315
316
285
391
336
306
306
254
314
321
Running experiment 17...
Experiment 17 completed.
255
277
293
296
301
335
278
257
270
270
274
285
320
298
313
310
Running experiment 18...
Experiment 18 completed.
342
328
280
385
353
371
304
346
291
295
277
326
306
294
285
284
Running experiment 19...
Experiment 19 completed.
297
314
301
290
308
342
308
331
286
305
281
331
308
302
276
327
Running experiment 20...
Experiment 20 completed.
393
274
254
292
365
274
337
287
279
254
399
403
367
181
335
375
Average:     CPU    %usr   %nice    %sys %iowait    %irq   %soft  %steal  %guest  %gnice   %idle
Average:     all    3.55    0.00   13.35    0.06    0.00   27.35    0.03    0.00    0.00   55.67
Average:       0    4.62    0.00   11.05    0.12    0.00   12.63    0.06    0.00    0.00   71.52
Average:       1    4.18    0.00   11.85    0.06    0.00    9.37    0.00    0.00    0.00   74.55
Average:       2    3.36    0.00   18.20    0.00    0.00   23.82    0.06    0.00    0.00   54.55
Average:       3    1.86    0.00   12.48    0.06    0.00   67.54    0.00    0.00    0.00   18.05

Average:     CPU    %usr   %nice    %sys %iowait    %irq   %soft  %steal  %guest  %gnice   %idle
Average:     all    4.79    0.00   13.73    0.06    0.00   26.42    0.03    0.00    0.00   54.98
Average:       0    5.14    0.00   15.01    0.23    0.00   13.45    0.00    0.00    0.00   66.17
Average:       1    5.83    0.00   13.87    0.00    0.00   19.34    0.00    0.00    0.00   60.96
Average:       2    5.70    0.00   14.95    0.00    0.00   14.60    0.06    0.00    0.00   64.69
Average:       3    2.15    0.00   10.63    0.00    0.00   63.21    0.07    0.00    0.00   23.94

Average:     CPU    %usr   %nice    %sys %iowait    %irq   %soft  %steal  %guest  %gnice   %idle
Average:     all    3.61    0.00   13.34    0.08    0.00   25.86    0.03    0.00    0.00   57.07
Average:       0    4.64    0.00   13.07    0.12    0.00   16.90    0.06    0.00    0.00   65.20
Average:       1    4.33    0.00   12.88    0.12    0.00   14.26    0.06    0.00    0.00   68.35
Average:       2    3.28    0.00   16.13    0.06    0.00   14.78    0.00    0.00    0.00   65.75
Average:       3    2.04    0.00   10.94    0.00    0.00   61.66    0.00    0.00    0.00   25.36

Average:     CPU    %usr   %nice    %sys %iowait    %irq   %soft  %steal  %guest  %gnice   %idle
Average:     all    6.52    0.00   14.71    0.23    0.00   29.10    0.03    0.00    0.00   49.41
Average:       0    8.74    0.00   13.43    0.41    0.00   11.75    0.06    0.00    0.00   65.62
Average:       1    9.38    0.00   13.03    0.35    0.00   14.42    0.06    0.00    0.00   62.77
Average:       2    4.53    0.00   19.67    0.12    0.00   30.02    0.00    0.00    0.00   45.65
Average:       3    2.88    0.00   12.77    0.00    0.00   64.37    0.00    0.00    0.00   19.97

Average:     CPU    %usr   %nice    %sys %iowait    %irq   %soft  %steal  %guest  %gnice   %idle
Average:     all    8.12    0.00   15.20    0.15    0.00   30.08    0.00    0.00    0.00   46.45
Average:       0    9.88    0.00   17.00    0.12    0.00   19.65    0.00    0.00    0.00   53.35
Average:       1    8.14    0.00   17.47    0.06    0.00   22.52    0.00    0.00    0.00   51.81
Average:       2   10.02    0.00   15.06    0.35    0.00   19.16    0.00    0.00    0.00   55.42
Average:       3    3.98    0.00   10.80    0.07    0.00   62.62    0.00    0.00    0.00   22.53

Average:     CPU    %usr   %nice    %sys %iowait    %irq   %soft  %steal  %guest  %gnice   %idle
Average:     all    5.12    0.00   13.65    0.11    0.00   28.15    0.03    0.00    0.00   52.94
Average:       0    6.93    0.00   14.39    0.12    0.00   17.98    0.06    0.00    0.00   60.52
Average:       1    5.01    0.00   15.08    0.12    0.00   22.34    0.00    0.00    0.00   57.45
Average:       2    5.60    0.00   15.21    0.18    0.00   18.46    0.06    0.00    0.00   60.50
Average:       3    2.52    0.00    9.26    0.00    0.00   58.49    0.00    0.00    0.00   29.73

Average:     CPU    %usr   %nice    %sys %iowait    %irq   %soft  %steal  %guest  %gnice   %idle
Average:     all    3.99    0.00   13.89    0.09    0.00   26.24    0.05    0.00    0.00   55.74
Average:       0    4.58    0.00   12.24    0.23    0.00   11.54    0.00    0.00    0.00   71.40
Average:       1    4.86    0.00   12.08    0.06    0.00   12.93    0.06    0.00    0.00   70.01
Average:       2    3.85    0.00   18.89    0.06    0.00   22.50    0.06    0.00    0.00   54.63
Average:       3    2.49    0.00   12.38    0.00    0.00   62.11    0.07    0.00    0.00   22.95

Average:     CPU    %usr   %nice    %sys %iowait    %irq   %soft  %steal  %guest  %gnice   %idle
Average:     all    3.78    0.00   13.85    0.06    0.00   28.39    0.05    0.00    0.00   53.87
Average:       0    4.53    0.00   15.79    0.06    0.00   24.47    0.06    0.00    0.00   55.09
Average:       1    4.90    0.00   15.81    0.12    0.00   16.10    0.06    0.00    0.00   63.01
Average:       2    3.46    0.00   14.14    0.06    0.00   15.73    0.06    0.00    0.00   66.55
Average:       3    2.00    0.00    9.05    0.00    0.00   62.15    0.00    0.00    0.00   26.80

Average:     CPU    %usr   %nice    %sys %iowait    %irq   %soft  %steal  %guest  %gnice   %idle
Average:     all    3.49    0.00   13.24    0.06    0.00   25.51    0.00    0.00    0.00   57.70
Average:       0    3.59    0.00   16.82    0.00    0.00   19.03    0.00    0.00    0.00   60.55
Average:       1    3.51    0.00   15.74    0.06    0.00   18.16    0.00    0.00    0.00   62.53
Average:       2    4.51    0.00   12.11    0.12    0.00   12.17    0.00    0.00    0.00   71.09
Average:       3    2.05    0.00    7.48    0.07    0.00   58.65    0.00    0.00    0.00   31.74

Average:     CPU    %usr   %nice    %sys %iowait    %irq   %soft  %steal  %guest  %gnice   %idle
Average:     all    3.76    0.00   13.28    0.12    0.00   27.74    0.02    0.00    0.00   55.08
Average:       0    4.28    0.00   11.45    0.18    0.00   15.36    0.00    0.00    0.00   68.73
Average:       1    4.78    0.00   11.07    0.12    0.00   11.24    0.06    0.00    0.00   72.74
Average:       2    3.89    0.00   19.00    0.18    0.00   25.32    0.00    0.00    0.00   51.61
Average:       3    1.86    0.00   11.61    0.00    0.00   63.04    0.00    0.00    0.00   23.49

Average:     CPU    %usr   %nice    %sys %iowait    %irq   %soft  %steal  %guest  %gnice   %idle
Average:     all    4.27    0.00   14.99    0.06    0.00   26.89    0.03    0.00    0.00   53.76
Average:       0    3.76    0.00   20.89    0.00    0.00   26.96    0.06    0.00    0.00   48.33
Average:       1    4.26    0.00   19.90    0.06    0.00   25.20    0.06    0.00    0.00   50.52
Average:       2    5.73    0.00    9.86    0.11    0.00   10.95    0.00    0.00    0.00   73.35
Average:       3    3.03    0.00    8.44    0.07    0.00   49.44    0.00    0.00    0.00   39.01

Average:     CPU    %usr   %nice    %sys %iowait    %irq   %soft  %steal  %guest  %gnice   %idle
Average:     all    7.47    0.00   18.03    0.19    0.00   32.72    0.01    0.00    0.00   41.57
Average:       0    8.30    0.00   21.44    0.35    0.00   25.76    0.06    0.00    0.00   44.09
Average:       1   12.20    0.00   17.39    0.29    0.00   16.02    0.00    0.00    0.00   54.10
Average:       2    5.81    0.00   20.70    0.12    0.00   23.49    0.00    0.00    0.00   49.88
Average:       3    3.16    0.00   12.28    0.00    0.00   68.01    0.00    0.00    0.00   16.55

Average:     CPU    %usr   %nice    %sys %iowait    %irq   %soft  %steal  %guest  %gnice   %idle
Average:     all    6.83    0.00   14.63    0.18    0.00   29.05    0.00    0.00    0.00   49.32
Average:       0   10.68    0.00   15.16    0.39    0.00   14.60    0.00    0.00    0.00   59.17
Average:       1    7.92    0.00   15.90    0.23    0.00   20.66    0.00    0.00    0.00   55.28
Average:       2    5.87    0.00   16.79    0.06    0.00   17.37    0.00    0.00    0.00   59.91
Average:       3    2.25    0.00   10.23    0.00    0.00   67.78    0.00    0.00    0.00   19.74

Average:     CPU    %usr   %nice    %sys %iowait    %irq   %soft  %steal  %guest  %gnice   %idle
Average:     all    3.60    0.00   12.83    0.09    0.00   28.32    0.00    0.00    0.00   55.16
Average:       0    4.13    0.00   10.75    0.18    0.00   13.96    0.00    0.00    0.00   70.98
Average:       1    4.57    0.00   10.92    0.17    0.00   10.12    0.00    0.00    0.00   74.21
Average:       2    3.60    0.00   18.94    0.00    0.00   20.56    0.00    0.00    0.00   56.89
Average:       3    2.00    0.00   10.67    0.00    0.00   71.04    0.00    0.00    0.00   16.29

Average:     CPU    %usr   %nice    %sys %iowait    %irq   %soft  %steal  %guest  %gnice   %idle
Average:     all    3.36    0.00   13.39    0.04    0.00   28.46    0.01    0.00    0.00   54.74
Average:       0    4.16    0.00   12.14    0.06    0.00   14.69    0.06    0.00    0.00   68.89
Average:       1    4.45    0.00   12.94    0.12    0.00   14.17    0.00    0.00    0.00   68.33
Average:       2    3.16    0.00   16.81    0.00    0.00   16.23    0.00    0.00    0.00   63.80
Average:       3    1.55    0.00   11.56    0.00    0.00   70.98    0.00    0.00    0.00   15.91

Average:     CPU    %usr   %nice    %sys %iowait    %irq   %soft  %steal  %guest  %gnice   %idle
Average:     all    3.71    0.00   13.83    0.08    0.00   25.66    0.02    0.00    0.00   56.71
Average:       0    4.16    0.00   14.90    0.12    0.00   18.03    0.06    0.00    0.00   62.73
Average:       1    3.49    0.00   14.56    0.12    0.00   17.10    0.00    0.00    0.00   64.73
Average:       2    4.32    0.00   14.89    0.06    0.00   16.53    0.00    0.00    0.00   64.19
Average:       3    2.72    0.00   10.47    0.00    0.00   55.48    0.00    0.00    0.00   31.33

Average:     CPU    %usr   %nice    %sys %iowait    %irq   %soft  %steal  %guest  %gnice   %idle
Average:     all    4.65    0.00   13.06    0.03    0.00   26.70    0.02    0.00    0.00   55.54
Average:       0    6.71    0.00   13.41    0.06    0.00   17.95    0.00    0.00    0.00   61.87
Average:       1    5.16    0.00   13.60    0.00    0.00   15.65    0.00    0.00    0.00   65.59
Average:       2    4.13    0.00   14.90    0.06    0.00   19.69    0.06    0.00    0.00   61.16
Average:       3    2.36    0.00    9.99    0.00    0.00   57.09    0.00    0.00    0.00   30.57

Average:     CPU    %usr   %nice    %sys %iowait    %irq   %soft  %steal  %guest  %gnice   %idle
Average:     all    3.74    0.00   12.83    0.06    0.00   28.01    0.00    0.00    0.00   55.36
Average:       0    4.78    0.00    9.74    0.17    0.00    9.45    0.00    0.00    0.00   75.85
Average:       1    4.25    0.00    9.97    0.06    0.00   12.57    0.00    0.00    0.00   73.16
Average:       2    3.43    0.00   19.31    0.00    0.00   27.47    0.00    0.00    0.00   49.79
Average:       3    2.36    0.00   12.62    0.00    0.00   66.03    0.00    0.00    0.00   18.99

Average:     CPU    %usr   %nice    %sys %iowait    %irq   %soft  %steal  %guest  %gnice   %idle
Average:     all    7.82    0.00   16.23    0.16    0.00   30.07    0.01    0.00    0.00   45.70
Average:       0    9.27    0.00   17.52    0.11    0.00   18.43    0.06    0.00    0.00   54.61
Average:       1    6.27    0.00   18.34    0.23    0.00   25.48    0.00    0.00    0.00   49.68
Average:       2   10.68    0.00   16.72    0.17    0.00   21.86    0.00    0.00    0.00   50.56
Average:       3    4.66    0.00   11.88    0.13    0.00   57.57    0.00    0.00    0.00   25.75

Average:     CPU    %usr   %nice    %sys %iowait    %irq   %soft  %steal  %guest  %gnice   %idle
Average:     all    6.75    0.00   13.42    0.13    0.00   26.37    0.01    0.00    0.00   53.31
Average:       0    7.16    0.00   11.78    0.17    0.00   17.44    0.06    0.00    0.00   63.39
Average:       1    9.89    0.00   11.58    0.22    0.00    6.79    0.00    0.00    0.00   71.52
Average:       2    4.86    0.00   18.19    0.06    0.00   30.81    0.00    0.00    0.00   46.09
Average:       3    4.64    0.00   12.25    0.06    0.00   54.74    0.00    0.00    0.00   28.30



Numbers grid:
298 266 294 261 241 278 280 278 270 241 255 293 284 251 317 264 282 251 279 242
292 232 243 261 304 279 293 287 254 252 246 244 275 281 276 297 295 264 309 279
263 275 337 270 296 297 331 287 292 315 317 300 270 292 300 297 289 273 256 302
328 289 283 344 301 343 273 332 361 284 272 281 304 264 299 268 349 290 333 305
275 271 274 326 286 326 269 315 283 303 344 326 291 294 332 298 340 266 264 300
343 303 292 253 295 273 315 264 263 314 274 319 314 301 292 286 344 319 298 284
328 326 376 301 281 324 282 283 273 294 306 328 330 276 273 301 324 255 280 296
305 273 270 301 388 337 327 356 302 330 281 323 252 312 316 307 453 272 349 300
261 379 356 308 289 348 288 330 310 317 287 267 350 315 336 301 331 306 319 336
376 322 322 318 376 315 306 359 318 314 319 315 241 330 331 294 343 291 228 292
324 334 312 293 293 302 323 291 308 311 323 280 314 342 295 294 315 299 277 305
354 327 247 249 290 306 281 305 317 357 328 318 356 313 336 292 313 327 333 330
308 291 294 286 322 267 315 316 285 391 336 306 306 254 314 321 255 277 293 296
301 335 278 257 270 270 274 285 320 298 313 310 342 328 280 385 353 371 304 346
291 295 277 326 306 294 285 284 297 314 301 290 308 342 308 331 286 305 281 331
308 302 276 327 393 274 254 292 365 274 337 287 279 254 399 403 367 181 335 375
Core 0 idle: 
71.52
66.17
65.20
65.62
53.35
60.52
71.40
55.09
60.55
68.73
48.33
44.09
59.17
70.98
68.89
62.73
61.87
75.85
54.61
63.39
Core 0 soft: 
12.63
13.45
16.90
11.75
19.65
17.98
11.54
24.47
19.03
15.36
26.96
25.76
14.60
13.96
14.69
18.03
17.95
9.45
18.43
17.44
Core 0 sys: 
11.05
15.01
13.07
13.43
17.00
14.39
12.24
15.79
16.82
11.45
20.89
21.44
15.16
10.75
12.14
14.90
13.41
9.74
17.52
11.78
Core 0 usr: 
4.62
5.14
4.64
8.74
9.88
6.93
4.58
4.53
3.59
4.28
3.76
8.30
10.68
4.13
4.16
4.16
6.71
4.78
9.27
7.16
Core 1 idle: 
74.55
60.96
68.35
62.77
51.81
57.45
70.01
63.01
62.53
72.74
50.52
54.10
55.28
74.21
68.33
64.73
65.59
73.16
49.68
71.52
Core 1 soft: 
9.37
19.34
14.26
14.42
22.52
22.34
12.93
16.10
18.16
11.24
25.20
16.02
20.66
10.12
14.17
17.10
15.65
12.57
25.48
6.79
Core 1 sys: 
11.85
13.87
12.88
13.03
17.47
15.08
12.08
15.81
15.74
11.07
19.90
17.39
15.90
10.92
12.94
14.56
13.60
9.97
18.34
11.58
Core 1 usr: 
4.18
5.83
4.33
9.38
8.14
5.01
4.86
4.90
3.51
4.78
4.26
12.20
7.92
4.57
4.45
3.49
5.16
4.25
6.27
9.89
Core 2 idle: 
54.55
64.69
65.75
45.65
55.42
60.50
54.63
66.55
71.09
51.61
73.35
49.88
59.91
56.89
63.80
64.19
61.16
49.79
50.56
46.09
Core 2 soft: 
23.82
14.60
14.78
30.02
19.16
18.46
22.50
15.73
12.17
25.32
10.95
23.49
17.37
20.56
16.23
16.53
19.69
27.47
21.86
30.81
Core 2 sys: 
18.20
14.95
16.13
19.67
15.06
15.21
18.89
14.14
12.11
19.00
9.86
20.70
16.79
18.94
16.81
14.89
14.90
19.31
16.72
18.19
Core 2 usr: 
3.36
5.70
3.28
4.53
10.02
5.60
3.85
3.46
4.51
3.89
5.73
5.81
5.87
3.60
3.16
4.32
4.13
3.43
10.68
4.86
Core 3 idle: 
18.05
23.94
25.36
19.97
22.53
29.73
22.95
26.80
31.74
23.49
39.01
16.55
19.74
16.29
15.91
31.33
30.57
18.99
25.75
28.30
Core 3 soft: 
67.54
63.21
61.66
64.37
62.62
58.49
62.11
62.15
58.65
63.04
49.44
68.01
67.78
71.04
70.98
55.48
57.09
66.03
57.57
54.74
Core 3 sys: 
12.48
10.63
10.94
12.77
10.80
9.26
12.38
9.05
7.48
11.61
8.44
12.28
10.23
10.67
11.56
10.47
9.99
12.62
11.88
12.25
Core 3 usr: 
1.86
2.15
2.04
2.88
3.98
2.52
2.49
2.00
2.05
1.86
3.03
3.16
2.25
2.00
1.55
2.72
2.36
2.36
4.66
4.64
