Running experiment 1...
Experiment 1 completed.
565
618
622
594
636
522
576
661
Running experiment 2...
Experiment 2 completed.
717
748
705
633
630
557
563
759
Running experiment 3...
Experiment 3 completed.
621
558
568
602
600
555
562
597
Running experiment 4...
Experiment 4 completed.
688
594
646
532
588
653
616
684
Running experiment 5...
Experiment 5 completed.
636
650
674
718
582
635
568
623
Running experiment 6...
Experiment 6 completed.
667
656
721
695
551
668
677
627
Running experiment 7...
Experiment 7 completed.
661
633
589
576
619
585
602
604
Running experiment 8...
Experiment 8 completed.
679
696
602
604
651
655
620
636
Running experiment 9...
Experiment 9 completed.
654
703
615
643
602
597
622
612
Running experiment 10...
Experiment 10 completed.
668
648
639
600
655
672
641
658
Running experiment 11...
Experiment 11 completed.
675
567
576
570
578
520
486
630
Running experiment 12...
Experiment 12 completed.
651
723
650
627
688
524
563
591
Running experiment 13...
Experiment 13 completed.
579
663
551
550
525
492
565
559
Running experiment 14...
Experiment 14 completed.
715
765
660
595
612
648
654
646
Running experiment 15...
Experiment 15 completed.
509
521
567
595
746
671
526
657
Running experiment 16...
Experiment 16 completed.
670
613
540
678
605
629
597
631
Running experiment 17...
Experiment 17 completed.
616
591
615
623
573
598
593
610
Running experiment 18...
Experiment 18 completed.
533
565
550
674
614
573
550
559
Running experiment 19...
Experiment 19 completed.
640
554
584
565
537
549
559
590
Running experiment 20...
Experiment 20 completed.
566
561
600
597
600
592
573
590
Average:     CPU    %usr   %nice    %sys %iowait    %irq   %soft  %steal  %guest  %gnice   %idle
Average:     all    3.97    0.00   12.97    0.07    0.00   25.25    0.12    0.00    0.00   57.62
Average:       0    5.74    0.00   11.64    0.16    0.00    6.23    0.11    0.00    0.00   76.12
Average:       1    4.91    0.00    9.52    0.06    0.00    9.93    0.18    0.00    0.00   75.41
Average:       2    3.63    0.00   19.93    0.06    0.00   21.38    0.12    0.00    0.00   54.88
Average:       3    1.02    0.00   10.83    0.00    0.00   71.39    0.07    0.00    0.00   16.69

Average:     CPU    %usr   %nice    %sys %iowait    %irq   %soft  %steal  %guest  %gnice   %idle
Average:     all    3.05    0.00   15.17    0.03    0.00   30.27    0.12    0.00    0.00   51.35
Average:       0    3.27    0.00   18.50    0.05    0.00   10.24    0.16    0.00    0.00   67.77
Average:       1    4.16    0.00   16.94    0.00    0.00   20.59    0.19    0.00    0.00   58.12
Average:       2    3.78    0.00   17.29    0.06    0.00   14.90    0.06    0.00    0.00   63.91
Average:       3    0.79    0.00    6.85    0.00    0.00   82.41    0.07    0.00    0.00    9.88

Average:     CPU    %usr   %nice    %sys %iowait    %irq   %soft  %steal  %guest  %gnice   %idle
Average:     all    2.99    0.00   13.76    0.08    0.00   22.48    0.09    0.00    0.00   60.59
Average:       0    3.33    0.00   17.46    0.00    0.00   13.11    0.11    0.00    0.00   65.99
Average:       1    3.19    0.00   19.80    0.06    0.00   20.36    0.12    0.00    0.00   56.46
Average:       2    3.70    0.00   10.36    0.22    0.00    6.55    0.06    0.00    0.00   79.12
Average:       3    1.26    0.00    5.77    0.00    0.00   60.74    0.08    0.00    0.00   32.15

Average:     CPU    %usr   %nice    %sys %iowait    %irq   %soft  %steal  %guest  %gnice   %idle
Average:     all    3.88    0.00   14.32    0.09    0.00   31.12    0.06    0.00    0.00   50.53
Average:       0    4.00    0.00   14.99    0.12    0.00   12.72    0.06    0.00    0.00   68.12
Average:       1    7.22    0.00   14.26    0.12    0.00    9.93    0.12    0.00    0.00   68.36
Average:       2    3.26    0.00   21.47    0.12    0.00   19.00    0.06    0.00    0.00   56.09
Average:       3    0.80    0.00    6.37    0.00    0.00   85.33    0.00    0.00    0.00    7.49

Average:     CPU    %usr   %nice    %sys %iowait    %irq   %soft  %steal  %guest  %gnice   %idle
Average:     all    3.47    0.00   15.33    0.08    0.00   26.60    0.11    0.00    0.00   54.41
Average:       0    3.68    0.00   19.48    0.06    0.00   19.16    0.13    0.00    0.00   57.49
Average:       1    4.12    0.00   18.99    0.06    0.00   13.44    0.11    0.00    0.00   63.27
Average:       2    3.38    0.00   13.18    0.18    0.00   12.46    0.12    0.00    0.00   70.68
Average:       3    2.51    0.00    8.48    0.00    0.00   69.76    0.07    0.00    0.00   19.17

Average:     CPU    %usr   %nice    %sys %iowait    %irq   %soft  %steal  %guest  %gnice   %idle
Average:     all    5.46    0.00   16.26    0.15    0.00   29.58    0.11    0.00    0.00   48.44
Average:       0    7.36    0.00   18.66    0.30    0.00   17.26    0.12    0.00    0.00   56.29
Average:       1    8.03    0.00   17.48    0.28    0.00   11.79    0.11    0.00    0.00   62.30
Average:       2    4.12    0.00   18.70    0.00    0.00   18.64    0.12    0.00    0.00   58.41
Average:       3    1.81    0.00    9.46    0.00    0.00   76.26    0.07    0.00    0.00   12.41

Average:     CPU    %usr   %nice    %sys %iowait    %irq   %soft  %steal  %guest  %gnice   %idle
Average:     all    4.08    0.00   14.60    0.08    0.00   26.56    0.06    0.00    0.00   54.61
Average:       0    5.19    0.00   16.00    0.18    0.00   12.75    0.06    0.00    0.00   65.82
Average:       1    5.62    0.00   15.47    0.12    0.00   13.59    0.12    0.00    0.00   65.08
Average:       2    3.51    0.00   17.49    0.00    0.00   15.11    0.00    0.00    0.00   63.89
Average:       3    1.61    0.00    8.53    0.00    0.00   71.84    0.07    0.00    0.00   17.96

Average:     CPU    %usr   %nice    %sys %iowait    %irq   %soft  %steal  %guest  %gnice   %idle
Average:     all    3.72    0.00   15.58    0.06    0.00   25.38    0.09    0.00    0.00   55.16
Average:       0    3.96    0.00   19.91    0.13    0.00   17.96    0.06    0.00    0.00   57.98
Average:       1    3.92    0.00   17.13    0.06    0.00   13.03    0.12    0.00    0.00   65.74
Average:       2    4.42    0.00   14.76    0.06    0.00   14.16    0.12    0.00    0.00   66.49
Average:       3    2.30    0.00    9.50    0.00    0.00   63.99    0.07    0.00    0.00   24.13

Average:     CPU    %usr   %nice    %sys %iowait    %irq   %soft  %steal  %guest  %gnice   %idle
Average:     all    3.37    0.00   14.53    0.06    0.00   28.42    0.05    0.00    0.00   53.58
Average:       0    4.14    0.00   15.52    0.06    0.00   15.28    0.06    0.00    0.00   64.94
Average:       1    4.03    0.00   15.38    0.00    0.00   13.00    0.06    0.00    0.00   67.54
Average:       2    4.20    0.00   18.26    0.18    0.00   15.08    0.00    0.00    0.00   62.28
Average:       3    0.81    0.00    8.27    0.00    0.00   75.92    0.07    0.00    0.00   14.93

Average:     CPU    %usr   %nice    %sys %iowait    %irq   %soft  %steal  %guest  %gnice   %idle
Average:     all    3.39    0.00   15.63    0.06    0.00   28.54    0.08    0.00    0.00   52.30
Average:       0    4.19    0.00   18.88    0.06    0.00   15.75    0.12    0.00    0.00   61.00
Average:       1    3.82    0.00   20.17    0.12    0.00   18.11    0.12    0.00    0.00   57.66
Average:       2    3.82    0.00   14.83    0.06    0.00   12.92    0.00    0.00    0.00   68.37
Average:       3    1.41    0.00    7.46    0.00    0.00   74.88    0.07    0.00    0.00   16.19

Average:     CPU    %usr   %nice    %sys %iowait    %irq   %soft  %steal  %guest  %gnice   %idle
Average:     all    5.64    0.00   14.14    0.12    0.00   24.62    0.09    0.00    0.00   55.39
Average:       0    6.16    0.00   13.76    0.12    0.00   14.17    0.12    0.00    0.00   65.67
Average:       1    9.09    0.00   13.30    0.22    0.00    5.80    0.11    0.00    0.00   71.48
Average:       2    4.96    0.00   18.74    0.12    0.00   15.47    0.06    0.00    0.00   60.65
Average:       3    1.61    0.00   10.33    0.00    0.00   69.89    0.07    0.00    0.00   18.11

Average:     CPU    %usr   %nice    %sys %iowait    %irq   %soft  %steal  %guest  %gnice   %idle
Average:     all    5.34    0.01   15.46    0.15    0.00   29.18    0.09    0.00    0.00   49.77
Average:       0    6.00    0.00   19.25    0.18    0.00   16.28    0.12    0.00    0.00   58.17
Average:       1    5.67    0.06   19.47    0.00    0.00   20.80    0.12    0.00    0.00   53.89
Average:       2    7.17    0.00   15.05    0.39    0.00    9.43    0.06    0.00    0.00   67.92
Average:       3    2.09    0.00    7.44    0.00    0.00   75.80    0.07    0.00    0.00   14.61

Average:     CPU    %usr   %nice    %sys %iowait    %irq   %soft  %steal  %guest  %gnice   %idle
Average:     all    3.89    0.00   13.55    0.09    0.00   22.60    0.05    0.00    0.00   59.82
Average:       0    4.43    0.00   10.48    0.16    0.00    6.32    0.05    0.00    0.00   78.56
Average:       1    5.60    0.00    9.41    0.17    0.00    9.41    0.06    0.00    0.00   75.36
Average:       2    3.10    0.00   22.13    0.00    0.00   21.09    0.00    0.00    0.00   53.68
Average:       3    2.03    0.00   12.68    0.00    0.00   61.48    0.07    0.00    0.00   23.74

Average:     CPU    %usr   %nice    %sys %iowait    %irq   %soft  %steal  %guest  %gnice   %idle
Average:     all    3.40    0.00   14.28    0.08    0.00   26.75    0.08    0.00    0.00   55.41
Average:       0    4.39    0.00   14.77    0.06    0.00   15.39    0.06    0.00    0.00   65.33
Average:       1    4.63    0.00   14.29    0.06    0.00   11.63    0.12    0.00    0.00   69.29
Average:       2    2.80    0.00   16.89    0.19    0.00   17.89    0.06    0.00    0.00   62.17
Average:       3    1.38    0.00   10.64    0.00    0.00   69.61    0.07    0.00    0.00   18.29

Average:     CPU    %usr   %nice    %sys %iowait    %irq   %soft  %steal  %guest  %gnice   %idle
Average:     all    3.16    0.00   13.47    0.08    0.00   28.05    0.08    0.00    0.00   55.17
Average:       0    3.87    0.00   12.77    0.12    0.00    9.77    0.06    0.00    0.00   73.41
Average:       1    3.71    0.00   12.34    0.12    0.00   10.96    0.12    0.00    0.00   72.74
Average:       2    3.58    0.00   19.64    0.06    0.00   16.90    0.06    0.00    0.00   59.76
Average:       3    1.34    0.00    8.82    0.00    0.00   78.45    0.06    0.00    0.00   11.32

Average:     CPU    %usr   %nice    %sys %iowait    %irq   %soft  %steal  %guest  %gnice   %idle
Average:     all    3.05    0.00   13.88    0.09    0.00   30.82    0.03    0.00    0.00   52.14
Average:       0    3.56    0.00   16.89    0.25    0.00   17.33    0.00    0.00    0.00   61.97
Average:       1    4.11    0.00   14.84    0.06    0.00    9.78    0.06    0.00    0.00   71.15
Average:       2    3.52    0.00   17.83    0.06    0.00   14.31    0.06    0.00    0.00   64.22
Average:       3    0.87    0.00    5.66    0.00    0.00   85.02    0.00    0.00    0.00    8.45

Average:     CPU    %usr   %nice    %sys %iowait    %irq   %soft  %steal  %guest  %gnice   %idle
Average:     all    4.75    0.00   14.93    0.12    0.00   28.43    0.04    0.00    0.00   51.73
Average:       0    5.05    0.00   16.25    0.06    0.00   16.19    0.06    0.00    0.00   62.39
Average:       1    7.13    0.00   16.46    0.17    0.00   11.51    0.12    0.00    0.00   64.61
Average:       2    4.97    0.00   17.99    0.22    0.00   11.92    0.00    0.00    0.00   64.90
Average:       3    1.58    0.00    8.39    0.00    0.00   78.55    0.00    0.00    0.00   11.48

Average:     CPU    %usr   %nice    %sys %iowait    %irq   %soft  %steal  %guest  %gnice   %idle
Average:     all    4.40    0.00   13.45    0.14    0.00   26.01    0.05    0.00    0.00   55.97
Average:       0    6.11    0.00   11.71    0.23    0.00   10.47    0.06    0.00    0.00   71.42
Average:       1    5.20    0.00   12.16    0.06    0.00   12.34    0.06    0.00    0.00   70.18
Average:       2    4.08    0.00   19.06    0.24    0.00   16.55    0.00    0.00    0.00   60.07
Average:       3    1.80    0.00   10.70    0.00    0.00   70.52    0.07    0.00    0.00   16.91

Average:     CPU    %usr   %nice    %sys %iowait    %irq   %soft  %steal  %guest  %gnice   %idle
Average:     all    3.18    0.00   13.07    0.08    0.00   22.53    0.05    0.00    0.00   61.09
Average:       0    4.37    0.00   10.44    0.16    0.00    7.16    0.05    0.00    0.00   77.80
Average:       1    3.86    0.00   10.67    0.06    0.00   11.69    0.06    0.00    0.00   73.66
Average:       2    2.33    0.00   19.69    0.00    0.00   19.45    0.00    0.00    0.00   58.53
Average:       3    1.81    0.00   11.62    0.07    0.00   59.42    0.07    0.00    0.00   27.00

Average:     CPU    %usr   %nice    %sys %iowait    %irq   %soft  %steal  %guest  %gnice   %idle
Average:     all    3.57    0.00   12.69    0.08    0.00   23.89    0.02    0.00    0.00   59.76
Average:       0    4.86    0.00   10.40    0.06    0.00   12.46    0.00    0.00    0.00   72.22
Average:       1    3.51    0.00   11.20    0.11    0.00    7.30    0.05    0.00    0.00   77.81
Average:       2    4.17    0.00   16.79    0.12    0.00   16.91    0.00    0.00    0.00   62.02
Average:       3    1.46    0.00   12.48    0.00    0.00   66.11    0.00    0.00    0.00   19.94



Numbers grid:
565 618 622 594 636 522 576 661 717 748 705 633 630 557 563 759 621 558 568 602
600 555 562 597 688 594 646 532 588 653 616 684 636 650 674 718 582 635 568 623
667 656 721 695 551 668 677 627 661 633 589 576 619 585 602 604 679 696 602 604
651 655 620 636 654 703 615 643 602 597 622 612 668 648 639 600 655 672 641 658
675 567 576 570 578 520 486 630 651 723 650 627 688 524 563 591 579 663 551 550
525 492 565 559 715 765 660 595 612 648 654 646 509 521 567 595 746 671 526 657
670 613 540 678 605 629 597 631 616 591 615 623 573 598 593 610 533 565 550 674
614 573 550 559 640 554 584 565 537 549 559 590 566 561 600 597 600 592 573 590
Core 0 idle: 
76.12
67.77
65.99
68.12
57.49
56.29
65.82
57.98
64.94
61.00
65.67
58.17
78.56
65.33
73.41
61.97
62.39
71.42
77.80
72.22
Core 0 soft: 
6.23
10.24
13.11
12.72
19.16
17.26
12.75
17.96
15.28
15.75
14.17
16.28
6.32
15.39
9.77
17.33
16.19
10.47
7.16
12.46
Core 0 sys: 
11.64
18.50
17.46
14.99
19.48
18.66
16.00
19.91
15.52
18.88
13.76
19.25
10.48
14.77
12.77
16.89
16.25
11.71
10.44
10.40
Core 0 usr: 
5.74
3.27
3.33
4.00
3.68
7.36
5.19
3.96
4.14
4.19
6.16
6.00
4.43
4.39
3.87
3.56
5.05
6.11
4.37
4.86
Core 1 idle: 
75.41
58.12
56.46
68.36
63.27
62.30
65.08
65.74
67.54
57.66
71.48
53.89
75.36
69.29
72.74
71.15
64.61
70.18
73.66
77.81
Core 1 soft: 
9.93
20.59
20.36
9.93
13.44
11.79
13.59
13.03
13.00
18.11
5.80
20.80
9.41
11.63
10.96
9.78
11.51
12.34
11.69
7.30
Core 1 sys: 
9.52
16.94
19.80
14.26
18.99
17.48
15.47
17.13
15.38
20.17
13.30
19.47
9.41
14.29
12.34
14.84
16.46
12.16
10.67
11.20
Core 1 usr: 
4.91
4.16
3.19
7.22
4.12
8.03
5.62
3.92
4.03
3.82
9.09
5.67
5.60
4.63
3.71
4.11
7.13
5.20
3.86
3.51
Core 2 idle: 
54.88
63.91
79.12
56.09
70.68
58.41
63.89
66.49
62.28
68.37
60.65
67.92
53.68
62.17
59.76
64.22
64.90
60.07
58.53
62.02
Core 2 soft: 
21.38
14.90
6.55
19.00
12.46
18.64
15.11
14.16
15.08
12.92
15.47
9.43
21.09
17.89
16.90
14.31
11.92
16.55
19.45
16.91
Core 2 sys: 
19.93
17.29
10.36
21.47
13.18
18.70
17.49
14.76
18.26
14.83
18.74
15.05
22.13
16.89
19.64
17.83
17.99
19.06
19.69
16.79
Core 2 usr: 
3.63
3.78
3.70
3.26
3.38
4.12
3.51
4.42
4.20
3.82
4.96
7.17
3.10
2.80
3.58
3.52
4.97
4.08
2.33
4.17
Core 3 idle: 
16.69
9.88
32.15
7.49
19.17
12.41
17.96
24.13
14.93
16.19
18.11
14.61
23.74
18.29
11.32
8.45
11.48
16.91
27.00
19.94
Core 3 soft: 
71.39
82.41
60.74
85.33
69.76
76.26
71.84
63.99
75.92
74.88
69.89
75.80
61.48
69.61
78.45
85.02
78.55
70.52
59.42
66.11
Core 3 sys: 
10.83
6.85
5.77
6.37
8.48
9.46
8.53
9.50
8.27
7.46
10.33
7.44
12.68
10.64
8.82
5.66
8.39
10.70
11.62
12.48
Core 3 usr: 
1.02
0.79
1.26
0.80
2.51
1.81
1.61
2.30
0.81
1.41
1.61
2.09
2.03
1.38
1.34
0.87
1.58
1.80
1.81
1.46
